991049993739714600  1041794679106187394  949957078301167636  1141031202799755396  887723656308994119  794808333100908554  1235533428758282330  1379306998297919488  1373868868786851842  1209282838197833748  1232322668255252624  1350773162392158209  1360192006957043832  1332580036796088342  1381384296920518850  908802663825670194  1370675629896372335  1381645478185406617  1370735808281186384  1309590721149276204  1373312598530850997  1246850120369311928  1347708902137004135  1301234654292213861  1354908371957846099  905580880905523210  1330074188534382663  1233887855831683094  1368143520782876763  1276265757977612394  1244259624258109453  923511412372942879  903409397349371974  1009909324010749954  1342784158358831136  1112612408700178482  1336166052186554472  1267550421535297548 991049993739714600  1041794679106187394  949957078301167636  1141031202799755396  887723656308994119  794808333100908554  1235533428758282330  1379306998297919488  1373868868786851842  1209282838197833748  1232322668255252624  1350773162392158209  1360192006957043832  1332580036796088342  1381384296920518850  908802663825670194  1370675629896372335  1381645478185406617  1370735808281186384  1309590721149276204  1373312598530850997  1246850120369311928  1347708902137004135  1301234654292213861  1354908371957846099  905580880905523210  1330074188534382663  1233887855831683094  1368143520782876763  1276265757977612394  1244259624258109453  923511412372942879  903409397349371974  1009909324010749954  1342784158358831136  1112612408700178482  1336166052186554472  1267550421535297548
1364577455049801740
1352337755686043730
1359229683140399155
1366051904584548352
1334511949135745075
1201732068124676196
949957078301167636
1277981363592495146
1085264507863044186
325021407320735746
998857523371188265
887932135305015307
1347649086760816677
1370843020554932346
1353761774003818558
1342704827074871316
1325382023786921998
1267550421535297548
1336166052186554472
1112612408700178482
1342784158358831136
1009909324010749954
903409397349371974
923511412372942879
1244259624258109453
1276265757977612394
1368143520782876763
1233887855831683094
1330074188534382663
905580880905523210
1354908371957846099
1301234654292213861
1347708902137004135
1246850120369311928
1373312598530850997
1309590721149276204
1370735808281186384
1381645478185406617
1370675629896372335
908802663825670194
1381384296920518850
1332580036796088342
1360192006957043832
1350773162392158209
991049993739714600
1041794679106187394
949957078301167636
1141031202799755396
887723656308994119
794808333100908554
1235533428758282330
1379306998297919488
1373868868786851842
1209282838197833748
1232322668255252624 
1364577455049801740 1352337755686043730 1359229683140399155 1366051904584548352 1334511949135745075 1201732068124676196 949957078301167636 1277981363592495146 1085264507863044186 325021407320735746 998857523371188265 887932135305015307 1347649086760816677 1370843020554932346 1353761774003818558 1342704827074871316 1325382023786921998 1267550421535297548 1336166052186554472 1112612408700178482 1342784158358831136 1009909324010749954 903409397349371974 923511412372942879 1244259624258109453 1276265757977612394 1368143520782876763 1233887855831683094 1330074188534382663 905580880905523210 1354908371957846099 1301234654292213861 1347708902137004135 1246850120369311928 1373312598530850997 1309590721149276204 1370735808281186384 1381645478185406617 1370675629896372335 908802663825670194 1381384296920518850 1332580036796088342 1360192006957043832 1350773162392158209 991049993739714600 1041794679106187394 949957078301167636 1141031202799755396 887723656308994119 794808333100908554 1235533428758282330 1379306998297919488 1373868868786851842 1209282838197833748 1232322668255252624