1377671026657460000
942403047433310221
1348223752487436298
942725074446848001
1366082802558439588
1233261367868264552
904069831303786566
1340008028266565682
1342501311928729711
1364317501307224064
872328204545843200
1340579790268399677
1341424978410733691
1356062461270298726
1374154950715773008
1359116185874071573
1371939803871973496
1372195852013015122
1371833130268360754
1357024510590849134
1363404628506440000
1374482826518462534
656338406221283329
1348273262404177940
1372693889663631412
1372282757841162272
1353001597717708912
1362309310285217895
1358052769067565238
1369435058435260539
1372555368856555682
673189017180831774
1302338409343221831
1169661935265009734
1372361329188540426
1024788484898164887
1355871021806391336
1372675675831533710
1372680826965332040
1372709045349126176
1373695493938352161
1375612828622262354
1068813662791422004
1358604919028060171
1370509445934612701
1372912687129821194
1371636799020990535
1302033190269223024
1371922308125687881
249874746836123652
1372314989095948308
1337508718119616575
1361144863743152322
1371867957013254351
1333253645709611043
1372638714433370000
1365789515339272202
1371926761838743572
1371158874475860160
1365788335137755179
1317268750096924792
1375245272967417886
1374890393631457321
1357011655367725209
1372553852938747994
1037636952582803489
1370742556228583454
1322113291409166351
1307719724406411274
1359151268505063615
1361599598514409576
1372387654414499922
1372670898183737344
1371634583761715271
1324532414558769196
1371957480661319821
1367503715036299304
1373097243833270352
1373940788312018944
1145950900121247747
701734353881006150
1319110428197916713
1162993693859524702
1363198864970219794
1360304695855546498
1355867927013752953
1368983395757064313
1374056678193889350
1372770881625128962
1364969105089626244
1306376812137287801
1367521979275673701
1372015119109849270
1080936550885503099
1377514872916676710
1353754302497292380
1353755813126082725
1374059252401967206
1347971498706468955
1007089789457145867
1358451060649365616
1348133936982921247
985077744259960873
870664052119076984
1372374703594934272
1369191446027960320
904069831303786566
1122803925305802823
1373100008416612352
1346900191202246656
1360267869912432730
1360299377364828231
1213327193162252358
1371884406830141450
1342300763111559280
1026058560783794196
1342501311928729711
1119505087107178557
1376161869986791585
952336449192210512
1377976700897464430
1359916429234798817
1328516090107531329
1343318694398263420
1373734362696388740
1376161869986791585
1377976700897464430
1359916429234798817
1373734362696388740
1357962842741149838
1301515923391250452
1379624271936094340
1377519928659283968
707113440719798282