1397368655083475064
1303122930804195473
1028725346796838924
1066438691897221121
1340733750245589084
782312920125014017
657566693987450890
941526612019666955
1342557127952302192
1254383749681119233
1312340472517365771
1303567419721121827
1288305502228582453
1222938978605469747
1321231681558024243
1217297960208175226
1287752185823887429
1275264076456656909
1355302910501720220
1260664278814429304
1317691124558725121
1232812410130399242
1172426362804514869
1333883225403035674
1093423549164830750
1371795176170721290
1214651561356296302
1258900902958600235
1370565701722439691
1355408979060330566
1375871873010897049
1292378894112002081
1050567656601813022
1372701018240061452
1378255659975442482
1064315905171013692
1377422568176488641
1374081917606953090
1292953003292229788
1375602082891042848
1189058729124053022
999532302390538403
1375458800194027602
1326971182901362698
1383095252675727430
1232570858527129701
1354682962301685961
1379087995218428026
1345311655478951997
1384384249565810749
1382340507761377360
1384283838095560725
1190015335907196940
1262249770420928523
1364715435441782946
1172231775225925642
1321144975987179604
1068545338908082257
1342659073476136980
1297328799347769364
1270081270705164359
1382563602870960208
1388248434175381588
1338758011379912789
1385030135639441579
1293708130537967617
960972574244892683
1301946100688621741
1220725317644062874
1383757342004219988
1158087288958488628
1392094476586975273
1215488048641605682
1119106146779803701
792896596147699763
1390507726676951050
1393293570685010083
1362664114744201226
1393790328728850514
1393770388667895954
1150825718012444732
1392245985635336365
1341111477020393564
627026802103025674
1326654232866062467
1351698205615718525
591968975894872064
1394520515200286805
1394775884409471078
1389994041994776747  
1383835455656693931  
203130310949470209 
1325382023786921998 
1150825389204193400
