1367852278433840000
1369516778216099972
1366462140663201965
1361697456722546901
1365028532777910374
1266765129765093438
1367666702485030000
1353761774003818558
1377979447793291334
1273299341334941717
1378290430076125205
1365031208941125642
1374362609939382305
908802663825670194
1269327679535058995
1358444065888141553
1308417280274599946
1373868868786851842
1361104354647478303
1360192006957043832
1333138643178623037
1341043687106416651
654291140043997186
1350484417587445762
1245765736375386174
779630431346622474
325021407320735746
1376719339293769738
1031893483394437120
849489322536730666
1340008028266565682
949957078301167000
1342704827074871316
996697836236316726
998856271312723978
1379306998297919488
1253669608599195699
1214802708528373784
302050872383242240
1374585134619164705
651095740390834176
1366961687416016950
906085578909548554
1324118026429268069
1009329949099962399
1138582409185590000
818301048661082133
1375946993700180153
1376323374778810391
1359709013146860000
1340579790268399677
1216520186123915265
1341424978410733691
1363672876397367519
1373661989913624737
1364185732658237533
1290012567451734137
1367966203850650000
1357024510590849134
1141031202799755396
1370753571003306037
1139904800658563093
1379281004229030000
991049993739714600
1371778158696595496
1375460696804030000
1379169253667635200
1379110756590555270
1370655688094777446
1369041494635446403
1365979383717953626
1366760447281332376
1342908447699763250
1377042144468009181
1354871912509083791
1342216499326222380
1375612828622262354
184405253028970496
1233887855831683094
249874746836123652
1301060940187303946
1369965992930705478
1369966953850081331
1369967678692790343
1365261558619308154
1085836023646388244
1355564367109685382
1368718974090608654
1344226211471167528
1173435511147352144
1278637654291910750
1371250073933185224
1008746285983084644
1317268750096924792
1357377159840399663
1376158905394008175
1358800002578780361
1360244087550378205
1372124610191163494
1367935353213943940
1364034597108711464
1337544635072909364
1180928514669695117
1370565701722439691
1009424636011872366
952266912312725527
1365776297938386944
1271006781463724103
1083410036744794162
1373312598530850997
1364577455049801740
762311409274847252
1040406161565950032
1359229683140399155
697061072099737611
1336247352314560593
1370843020554932346
1365394809111449701
1245471365562110137
1359187444779454796
1352739303343525978
1356316498628575292
1340254376069173301
829742041691979812
1089269327485751341
1321163242961244342
1371999448569217134
1364381461238648842
1276456288464800000
1353509735902740581
1353131832459137119
1302044525052563548
1359833814922297436
1311012090718195712
1277268061413445858
1339201109679538252
1329447307845963817
1305631750378094757
1369057468235251913
1360327623531692193
1366675417964220457
1288728679244890000
1366967188623331359
1355439838215540836
905580880905523210
1297328799347769364
1228126341375983697
1335660916334657606
1196225591372947526
1380255382223585340
1053771418577424405
1233857674320412714
1379054682432864369
1374407296070717484
1096163127369932910
1197639734881702051
1344236402279190628
561271915285839881
1111674700968509510
1130354220671959061
736669149987733594
1355924422921293914
1045402905655656569
1095848906534953142
1031893483394437120
1341521454776188969
1364236388483989594
1053177295516467252
1050567656601813022
1291689466032820246
1272232279325933610
1197800684322566197
1356025752604119242
1310338685564096553
1339924334810100000
1378164709181624482
1378170197097185342
1120144692051464383
1351419322966347887
1342056674684436560
1346222986419507241
1342908447699763250
996697836236316726
952956549842739200
1282259195571339307
1241304092047966218
1376505987460235286
1379748573687582811
1370108716002840587
1364588873425883216
1216520186123915265
1373809294218367039
305999476588544000
1035174333414375474
1366015136304857258
1310732563127603260
1356720318374351068
1081786246860378163
1317226999529476181
1180618774358012055
1128584683979034785
1373640003887960084
1339314298660323349
1208091600161345538
1370735808281186384
1326971182901362698
1354004718120337408
1371117517426135080
760165583425372200
1377422568176488641
1379813436845985935
1380645198828142654
1267365652465848387
982766078641967124
1379472752767008930
1380315941748871268
1376901307092308121
1310644407510503545
1131271951697059953
1379631364990566414
1224285047268446242
1342972190999576577
1379696960625180823
1088147920483782697
1376304647077367979
918608471895728179
1235885210240028673
1201732068124676196
1280896044208754760
1222911792770973771
1356810989244252170
1357954813064908902
1358146042410959119
1358450827273961716
1353457573373804676
1358590480769744947
1358810381748801579
1358895173043490996
1065509223095607306
1360649907534303282
1358144719523418276
1059181769443778602
1129049918804332676
1329532281723027502
751468907667259414
1278290486301556758
1202134812639363085
1317812425021722707
1195233652968263736
1247515923494080569
948363208488517693
1373037180913582252
1362902873729400862
742080181656879114
1373499964923318314
1328273487277719624
1341029175083139134
1009034074326847558
759450871032709190
1161000363718086656
600484948373143554
1377519928659283968
1380657181732638815
1190644065612603395
1320445084692516964
1368623946676703403
1223181326623182888
937263781195685918
1381380688237957232