1402823150043140116
1391978134446018756
1396525471683842209
1063221001422393394
1406103818449457293
924267649737846794
1101917423713661018
1404997828266168380
1278714084942155789
1378129125566451723
983234585154437150
1396987993213898874
1289485961759166514
1355349208412065912
1204528074465611869
1399384439888543867
1404705562041651240
1373837971677249577
741351214297645066
247070160697950209
1115380277259292703
1376600833059455060
1386104276576637060
1402810144290635786
1391142031182659767
1395894348691931196
1400504063715709051
1339395997176041482
1344808959139119259
601164876609749007
1381063571928121355
1334413083845726222
1403950293061865502
1392710557391654983
1388687739024834701
1308261195391827968
1375865342928355399
1351001164963123200
1405923140659314903
1378806450431852661
1390067506869178398
1118690554776137768
1398016960196771972
1375654555202621480
1379999130260213803
1401923255350329394
1384850420534612020
1248020051060199478
1371767342475771935
1196163270462156931
1387689799548276839
1367234067439030297
943224866696495105
1383212850025074863
1364346031508291794
1259024512868024381
1392159789265584180