864125592697569311
1093657179552239708
737782436506632315
1354597485842272386
1075791409837248592
1300165224133038101
307502136428855297
1341226097114742804
1338276815835234336
1199245884664324170
1185201015650254849
1186101379224322112
1320477045008105482
1198304932336521428
1261056160325435403
1132386302906609744
732983485714923610
896565453567180833
924508285443375135
1324728614331088939
1329908837431640274
1377618989014061079
1205321390073581590
1340090707960139879
1068674179936821408
1067503321776136212
1215354444787748884
1349433363651498016
1352541635229253642
1091291058173906964
1330009944132554792
1345540706407813212
1151869308549484594
941023027645255730
1207785727212130375
1010335626714939423
1197555818296524800
1341896841394126952
1285270791008551004
1237132611860561924
1355965898514628772
1170737896467210282
1368084833162493973
1341499431815741551
1276747956414058509
1189947582571630737
1128640190450245676
1197656012077940848
1307883690675929158
1192867579522453544
818667679296651335
1190054201150156871
1284590873585127474
1113537621709303968
1221244249148755979
1360995457375010846
1320741755674558557
1165316867557167167
1223602129080553573
1018930140304134195
1166812682813444260
1330040896347177014
1335660599132164237
1261416239360643153
1414311191064612955
1338863126761836554
1343191194678591538
692847734746644562
1152766453729210468
1134663114349105233
1214001036281380864
1349132575083331705
957139734814162954
1275147878830182575
998508011448442933
1346222986419507241
1280878309173104772
1268500353318653998
908558654775644170
1365433265690906757
1130852877380898817
1229768458661527605
1387279806080745492
1200240867320004769
1269013070366248982
1227372811400646747
1348693622039511070
1274553784839966763
792197750737207327
1410472008130756659