1116854003188371559
1084241682519826442
751460307419004939
1395042378724937778
802356826590019594
671528921736675404
1202069148616884367
1316917741638389840
1398602529297924136
921763948993331221
869180857028587530
1202712990244409434
1243958582509174894
1216211997616640062
1367933910310457404
835901946459979796
1191539640910495845
1377423948592975942
1373670438856691743
716180194456502313
1402520565813612695
1401233641912406078
789564217451348009
1255703489825214495
1303392766906077286
1385813595815804999
1232770647533424723
1049680324201812069
1259161428087013396
1201760257731469363
1043428708880494593
1396991248564228197
1057019291347714179
1267975248137945149
1134193333711937689
1304121240453251124
936330117523865630
1401389195662200943
1316872942671368232
1397240155814891697
1221491604037308488
1389823291862290575
1400570351301300358
1399541224767230115
1392496977652219996
1004617915854766121
1207875961555652649
925433934781743155
1403324701660414044
1390783726518014104
1082280742891049011
760995904832012360
772864081803083816
1239992619753406465
1138936761813311519
1300339084996251649
1379467735863398532
1380225398645850223
1137297967133499483
1397705747869204592
1388949278868901918
1400543028455931988
1221574314114023475
1299139725201899634
1324536485143384110
1406829213847130222
1401207575042723932
1398042611075383477
1261474695165902999
1269742467272540197
1396974795274321920
1397630424896766042
1332522279023939680
1405661027995095103
1265240829661024391
1345073898852454433
1189059850236334082