1413805106780049489
1422257041761636423
1386389083764297738
1400104427343446026
683141342842322955
1415035903268618374
1413950335394775091
1422428400454467585
1121978342866956339
1393614542562525186
1422417120355942562
1403896175513567262
1399579839123423332
1421709410207531028
1422029693862805608
1422653414747406337
351176680490008578
1416903235142291537
1405427049597767691
920046708245803090
538888572443557890
1343632716846989367
1420888351409705012
1422653638785892383
859035522198274098
1412675975409438831
1167001903985610832
1416602639445000362
1403842514166878259
1296436830584967239
1391989269685469278
1288563640768925728