1075791409837248592
1300165224133038101
1132386302906609744
892813299522080848
802832475541340170
1121248996829188196
1142033072502624347
1329908837431640274
741673069755498577
1067503321776136212
1121248507148390521
1289263338882338938
1195708981939802252
1346550791510560768
1128640190450245676
1292256029329063958
1329422604158898198
1166812682813444260
1335660599132164237
1410472008130756659
1414311191064612955
1254738308647358506
1343191194678591538
1333902544350740633
1365433265690906757
1275817361013870645
1130852877380898817
1387279806080745492
1258501075754025111