1330652689415147564
1385911662925709316
1422567075783643219
1400104427343446026
683141342842322955
1398767679107764225
1422257041761636423
219642620270477312
1278255755513827340
1363146968091725854
1409926671758266521
1395388231716966502
902687399476338748
999651910598533140
627432738395389953
1026221251418656848
1424160519580946473
1390845713281323101
1203293413663838251
1422996324449648811
990933526448857098
1334605395670597693
1388975153077289174
1294680119096639580
1001734652765151242
1424572546812084347
1422735087518220319
1392704455258148957
1377944696357126184
1408099232610652281
1424432650503979128
1394635090222387280
1408591346318577776
1423054120675446795
1124109612472357006
1424009960366407845
1379921551943536661
1407006301623554069
1407687778216710244
1414596545227133080
1392234964535214130
1278308022405566577