1417291287094231110
766281766394658836
1333609455228551208
1253378017271742557
1031836488192770068
1249446194791317504
1269295711392895141
1420258475191042109
716113506042380308
1423371168139972679
1113122208789839982
1275197829110956084
1265840489916272723
1369066215540002859
1398767679107764225
732687505953914991
544877152424820752
456956807701856267
1315578434763882517
1370783268139700368
889485168463732736
1423054120675446795
1422636826346393812
307570457144590347
1094515769318051921
1370773014383300728
1420593944609292379
1423087304993407088
1423626332255813684
1423626581611384873
1420121726108438642
1354575109691805736
1317610077561163866
858309029184929833
1419816784231530591
984508053820960838
1384378299236614265
1354865947143311651
658391500962660368
585494502345670656
1271847965853749293
1394407141863063652
608274529126449163
906145980074836008
519351565484818433
1386074027180687481
933129200779546625
1359225853115891722
1191650831003549770
1153779633234382918
1415959322105741333
1418109507862659176
1087181801866403971
919493987788816416
1236351897317801986
961611359408254986
1246822386293280883
1246316726497443880
951907543997890611
534052824317820939
1283179114336878790
1055522783901270066
1352415799989506049
770912982536290334
1409929224709472368
1411025930528362527
1379172515468808252
362176734394581002
1064651281731424398
1272042691764555898
428996083465584650
385158062438088704
1369836603983396968
1271775068850094212
761902869255028766
1097696672026464257
1370625608681263154
1422942837535932456
1177401810881884172
1369712072388116490
1115526208843685978
1370762732328059042
320394258131451906
875427361363988542
1369725183967105135
915883058056532009
1418957587512037597
1290068153874911233
828296715484266506
1371133882426064916
846698561882030090
1388661329547624508
1150193551012016158
1365501676584308820
1369684420252143707
1167619986664202260
882187385469796372
454707221482438667
1341361996007866439
858310572545671168
1089239570203295754
803517117693427752
1372311290026131466
1371991415671886006
965946154934239253
1269390022927323209
805716247051763773
1379080382208544788
1422327353987567687
1377077594171768843
1380370399316934768
1369706642714656839
1395078553573527714
1097969790573891656
769243092750172200
813180533668446219
1364404236162433148
806799704314216478
953079329473040444
1089973194305310852
1349826311618695270
1224286474200158238
1167726207610142743
1312897197242581125
1344699960213639270
1380340543397040238
766203797328363531
1279790351523123273
1272661556949417995
851687079565721670
1350470438915932180
706258059386814495
1017209434210050058
1424452852876578987
1332504640507478036
1305165588490092617
1114939494114791505
1365264738447003768
1370404800742821908
1370789544806453440
1422622342441472062
1419743715584508036
1420752032108646440
1420780796398145556
1421886027873652929
1369675593435709452
825473880135041035
567097838933377036
1369725225041657948
1406036096680329246
1356690597381148736
1311459078119096463
1418373282708852868
1033802678817521724
738530602420273235
1364747464170668042
1227416196094365696
1324893059405709393
1293224984038211691
1113877789163126886
1083772987284660254
1302865499494813818
1415639509072220160
476804867931897881
1234230733288112240
1379184527666184406
1342751851271032852
1379235726876741764
1422265737027911784
596816317089054720
1424160519580946473
1320297852445917185
1369815736314364005
1285092440621191262
1108416575935107122
1399028568562073660
1369743096321151066
781424850379997204
1331044063981604959
1362403231170560133
1238580548562063362
956146585056714833
1300248354663694429
1280959975837008014
978888629281759272
915784243114835968
1370068989778067497
1257099663727661168
1406173892325670963
1298478385462509618
1231403623750172755
1367264478684647505
1268132823718432809
1187799646194630816
1417297829378134097
1305678817225998348
853311215182151701
995404712717340774
1193591193012015325
1286037939993841725
1399448041345515690
1420127543243313203
1244744356385001489
1156600249469644860
1009970147789910106
1267615687401279553
1370544084279889933
861208130449047614
1397867274257436724
953400408607432725
1424054211666120805
867774136205443092
851200498920325152
1377744483076145282
1103306127573266472
1214566885409161278
1037556125836513390
1129576023554531460
1021631179725750322
601505995612618812
1370156956748087346
1211712970409648162
1246258885065441365
421756024282677252
870362369790967819
1321961868130123816
1388138722599632916
1417487324329148426
1213883860144754800
1370617840339783741
1365575896714449018
1412422604429590659
1312261850024382497
1161394165104525343
1362706650015993947
1385969733425303633
1313644657414242358
1421175239089590303
1358829766400282746
601981158623805440
934324920849170432
1290012947116068874
1195414220838293518
1276934670272958506
1365718762715873361
1380188826193887406
1176313946463023140
1349978351833714689
1412382288972353556
1371924962805416068
827963191765368882
1400573448006275183
1369865335196356688
1401366226219040909
1301196749209206828
1284404460717867010
1046678216322076773
1210952553739591761
1365443815841992704
758136637460316211
1247061290954784846
1332429307771093035
1274476052814757972
1369763459847295027
1229909071126335540
1370062629866836008
1379121961522696244
1348929797425860608
1327239830450733104
287351954798149633
1114738999207141426
1370574625041285272
714190902566060053
887298944357515286
1369679142060163233
1308385296467103775
462016540041150465
1229243283247599700
1305092888807342141
1368337113787007106
1406094747403288616
1248128309825372190
881064004099928127
1202699365731274865
1310335770078347348
1406366816703615017
1351046688298766388
1388729394746363906
1340780477413458076
1193693698551185439
1338169564982280275
434801829742772246
1055958816438628492
1357307824689905784
1384510946252292137
1351525372860170284
1415866901153845251
1369580299230515250
1414294084599812177
1369734229297991700
1423348416838238328
949396467263615016
1409709541280579696
1424047842670018752
817059425537490974
1384215307635265556
1423333555072798851
1369863019403808909
1422996324449648811
1388968097104396398
1369737558191247419
1208347245896933376
992695366447284275
1313728175057928214
1369689346797473805
1416422612753584302
1411482176876450076
1370883648735150144
1251692206130204693
1369859268609704008
1369680559181135884
1369812883071959160
1288744740740923396
1294584320756813846
1379865403295273044
1368458770216390717
1377815028547453020
1277380079860584509
1307768662144585748
1419377651268849817
741510362679214126
1262748573301342290
1148670387085901854
1406960089826590811
1343195113425473582
1374718693539450982
731762438629884009
1183555961340825801
1116241970034122812
1400077334417117236
1327654044222619761
785801117220732948
1141479491177287731
758015627326652425
1369776866440773715
691886691321118770
1332087894193602654
1376012878561415209
625184061840687104
1115336191336788129
881540883290394634
1421628720367800372
1309115043425816597
1416751041009160253
1364567012742791289
928201840846311474
779554328796987423
758352084671397951
1208185184558653511
1369675649459028021
904138542870052915
1385429230216806511
1369963987994673152
1370436078527320158
1364978209300680770
1141157657093349427
1421472776526762015
1341457085954785302
1302728764588953640
979541660008587305
1124352971954720830
1055927970780430376
1414639268667854910
1294680119096639580
1366572228048846966
1125939756459634830
776278569655205888
1420849781168799804
1377714990215073862
1297267163832389692
1370515023717470299
947255328146341888
1031636629313560586
1416086231707816018
1404917049125372025
1416831994196922399
730293599249498123
1369794917920014408
1369671994580271216
534829432867651585
998750344228122634
1035354116341366804
1007237190838931569
1353439420543406094
994323188936880168
1360137001923383347
1306607170040893491
1183573040571891768
1260709454010253473
1199288653915099208
626148662275211265
1151132683427131444
1381266301443637315
1412823961716396224
1391072249833980028
1029612584606900234
1001734652765151242
1418585509436985445
1424572546812084347
677770093970718730
1304426351918321685
843929012903346226
1289465057721323532
1311019769121476729
512753710154121226
1261511920549363745
839554179651731476
1370442726298095697
1418954998737535086
1360866452097208533
1416588776154861669
1416433775377780776
1250126342427512835
1358467736673583337
1364846268135899156
1212924390019432451
1053103309621317653
1212511049278816309
645374583540547584
1367966732844531822
1370674880978358272
1380151807766040616
1268240001351553066
1198480863277613068
637429223631486976
1347671124913164440
1369743197588291624
1030663438390808606
1280676764518977571
1289333374153916416
817591295429312543
1353632897629945888
1424719674372915332
1250608635487453216
1374756795725381632
944661619982598286
946069750121914408
985918451526823977
1364297908043780147
1340721306139758673
1325723775798349907
1157939549306101790
1417293580116164693
1391518473846390915
1205728119852498944
1248091188523700229
923069794226421760
1402006381703205005
1026972673072451645
1037999654173941790
1369677684702974117
1183449433803853947
1370396803874426975
189743927723687937
415652866297167872
1324943095728705600
1339449819101528137
1007796423321980990
660610559804440581
867159692399738921
867295076069015562
1370049604858548275
1342067029024444469
638132689932910592
1369817630164123658
1141580539233587250
1215421834825175101
1420888351409705012
1102008160325210172
1069405969706135623
682629940365230082
1156849586976067626
372549112752504833
706812037736431707
1034439310910423111
1370552886001668198
1411653246321426605
1108428136066060399
1290186947830091828
586001926848774145
1392704455258148957
1417180676616224863
1314743922324672584
1371950011872579666
1162788803912663173
964448144563789884
1337238471953354804
1038328027655970856
1364623115493183542
1266040932197994548
973496556558888991
874607251086782484
1014929532328890368
1273365805303599215
669271894150742037
1295375757425508475
970848679076454440
1409174345716334643
1072168771155931146
1365005705056354356
803676180280246312
824730027836571730
472403326030446602
743854501961662514
1349318156212240404
1257798480999743701
1382503717026267388
1118238752398135376
1416850973065740298
1411379419041235069
1419396524974014681
1419681686710517791
1413627658075377825
1415366226305355857
1423443497196978238
1272918289911255136
436599751153156106
999402373275463730
576832433937186861
1141324072916090890
1357657979574288394
1264516906166259825
1071613150165729350
1334233182090039340
859116857624625192
1342203625220477059
1182127146622255115
1230978709515796614
1416111959895441579
1367734061807828992
965585357968130059
1358899862518763660
1295231690783981631
1178023949683134556
1290117730401517653
1414570218474438829
1333479666740105250
1304678545309569070
970924351731933244
1341497350908022786
1369765536249938135
959818545653497876
1284996733860053083
1416602639445000362
1323670679521984575
1399990630117015563
990016886664220752
557541962060791808
1371915923656675431
1270814965233614910
1416220084166197378
1369768257224970332
1401471774952001547
1358931512258728099
1334982859961667687
173968857197838336
1330695877240819802
371157756851388418
1369722569409957919
1409083109055533066
961666141573492797
907176673500348437
772177662965710868
897658311128809504
1400214523721547960
1379940902138548456
956342632773210182
1247312927942246464
1369738524810543165
1292781355914231885
1355319723645993264
555095491990519808
885855195819560980
1412067703115747430
1304266578132734004
1413616780957716510
1322321578092138520
1355595479546597386
1415091449292390502
709233338468007941
1367800884020514887
1357429068911350021
1369739888911454310
1219144138323136542
1210624480087380050
1308024887037792327
684169247198674957
1170360765161672834
905910508819972096
1057261510092664872
1310351723155685487
1264661818345787402
1384367076034084955
1330723742158159941
1349598941062107198
1369757966307426469
1370494750335045784
1369725827599831051
1398357262531039427
1004500281700143194
1006344138653962290
1332017226630303851
1378185045264826438
1222593976964747455
1370478934138949735
1405674877351891074
1341141104468426762
559025185567539210
1304953852138622976
1227978572153622578
1370507653461053605
1139154013166768150
929824145716437072
1049184015510409234
523624423140491304
1369825747165909062
1278893449042460803
1326898565523443815
1416164401647587331
1241114308298149948
1152338031139897445
1372056956230963250
1150944403691667507
1419990912574033963
1420029594479755306
1185018910207127694
1422735087518220319
1423478985806971025
1415374333504913499
1404228828263354378
1283292161508507698
592049477301305355
1405312088267554887
1377046135742533672
1337430900815953992
991885675995603004
1395770607936868393
1322570202935722004
1424009960366407845
1257590699851780148
1407779823807500439
1213039430374395974
1379078637000720554
1268356716626444320
1370500662500266197
1372020269119705180
1370579538635001917
1420424000202604646
1417732456580386836
1321520059969175683
1219687446158118993
1210033325444563037
1369766407348289607
1248904142886535178
1290188275516047473
1319940607166255114
1077356416660160553
680445156406591529
1334141121131053078
447174071281516575
1369745693387784294
727504986317258843
906664481235542016
1409632483011465267
1379489482046439506
1419710117628219432
1127151942926336000
949727520624902286
906862441818910721
1315859388174438441
900573840814514227
1169419024749314158
1026065418248523816
1353426522794492038
783007296565411880
1369714028045140010
1234828224911904803
1370040693552320522
1349359937150783522
205729600087523328
343966309639520257
1388911839445913690
869634295948521532
487964560473456654
1374467427928117298
1369906942423732325
1035445076760997908
1079797140005593159
602904507160068170
890275392999534592
1369052388337385522
1407403248331001947
730176186252132487
1055273616759083139
548270083047292939
1165229454801514580
1183063127705800785
1280603029934182450
1414596545227133080
1422091106916634675
1387959286742782034
1079196760070697062
1374953373782245406
987736826255138836
1228332784783855758
1323875077313400918
1350989637203660801
1131375796133560321
1356367411896389774
1098905963622309959
881188521061253121
1165220549656588312
1221390037233696839
1382983457566752862
1057467130855051305
1413389805190119488
1233888622478884938