1375128585135722546
1382054370455064636
1344633620714881157
1174670505559728159
1348544085287501825
1399169872323153972
1289843499834937418
1163395895195336735
1309955408407826506
1295748408518246431
1349772236973801504
1378822532412473415
1356608152493232300
1354356917555695617
1299726351263334470
927610424449462292
1015536514786136074
972556847380828210
1247702876076113957
1354539081480278067
1342827212524617749
1382822666867576933
894968811478990878
1096831033715986595
1374395224326934549
1079254382727667712
643211376646553621
1291836639282200652
944112062865494026
1368974377609199746
1090274733737648171
1244680114617319440
949724027872759878
1373058765636505640
1394112900703977574
1401389195662200943
1202577535020437546
1402689380673523825
1394671050276737185
1335098722715172956
710385262282276887
710579170832416789
1091626964986642504
1278255755513827340
1349477687474782300
1286626796368040088
1356637076300497000
963797560743587900
1048686791374426133
1405903544472571955
903479814026059796
1314514476019613737
841279236514119742
906158952910315540
991560474606981130
1106865941884706868
1375436645830230116
1389364356604629176
705222106077724704
1159856420683010088
1262120336405561454
1374438446915129354
1209145758025253004
1406685356450906253
1346540307046600745
1383899474463821826
974059384340623492
1099343408478298152
1327314307809280152
1384563449152934042
727163101820223517
996434594171727962
1250342795680550954
1388143762793959464
1385284044497092611
1341551422491328534
1068559450488705036
942416069715439667
1270071577181950034
1107705772692996136
1077478452384497665
1233162265549865064
1386382694115573821
1333308219732262962
1013539837694988359
1404017776670281773
1398132533593374812
1317924793021890675
618484900458266654
919884651953279037
1386707038079422585
1393614542562525186
1093769418951106610
757931678361714698
1356433417360642200
739929664574849076
1402801420075401280
1312639729229107267
1133784390514778112
1268553595083558953
901956978350362676
1360587054643417088
1375136554787274816
1319985441604370432
1172589185518022660
862750328356864010
1335174814540759111
1313851066638667848
1403522293916893236
1340778831753248872
1256007354219102301
1373563355981414450
1330010480106012734
1388014099396431913
1398125015907700776
1398548924704493590
1349820088970248204
1324843329061650442
1294591330009350249
1009497013211123802
1325974858500407311
1373632072287129610
771184105327951921
775684782137802764
1170206327474241627
1217382922114433094
1370498595119304707
1218330232386228386
801852018997723226
1242879078856659037
1387239850188738561
1282720952416997499
1391018910786261145
1361079660200591460
1401983543583703280
1397801396975177798
938458464877948988
1382126162754408598
1346761676812324883
1234829596508028981
1340541822933405827
1341804604291285126
1340008028266565682
1228269620381614173
856914561667694592
1400122212723327051
1287292452574724118
1354594858639163452
1258495242030809098
1371867385161715814
1207139768601808926
1388981455992127488
1285435202763620408
1223401517994868778
1343210659185430630
1386982294920757321
1405261935234252974
1261711518941184122
1374398317974392842
1117110611629838348
1376653095253049424
1234033365934674000
1370303204876750859
1375780621334478858
1353761774003818558
1338075832169664556
1372802294524940343
1305768032458641440
1331342933546504193
926680023090475008
1300885622524739698
1390048444738961509
1395872653696565369
1404420754942197844
1378128360982577336
695017459283132518
1202204499977175064
1391853307001307176
1318894111876579358
1404564763912175636
1372213713716772894
1381665640288354315
1384170387826540597
1271433785061150780
1391844978568728659
1069075351558422609
1288125186318794790
1403712523378757743
972209604966613062
248300659147800576
1259156009113616506
1344047344156545054
1369538716259061800
1099542384032895078
1354784206974226434
1356199030736031874
1384162793489432709
1351643828569768069
1337394613413220362
1315295805082701864
1339853397255520266
1365631418646139022
1380169882297045022
1129800856884228176
1257340079563870208
1018907921612021770
1318606851838840834
1137281022946463854
1333395934138208287
1353786728548401325
1381102690599178391
943230812755755061
1330204834363740367
1389541683711971398
1388153072076849324
1343686942419845150
1348803722066657301
1359601203100651741
1357326057078001695
1387266849133297764
1194261351523160184
1199824660821450832
888953066592800789
1361999693185286348
1271765245920022610
1363166452609188122
1304137225495121970
1341778994923835513
1230190171060834346
1243848199840596023
715498863615541339
1392721122113355877
1385974970798178314
1075489124456337448
910058024213827615
973309468546838590
1342116855166533707
969624219921035314
1327869787430457436
1335224487800602674
1355654688766169182
1012400500278296677
1364299450172051690
1317140480135528499
1398963144835072050
1198989910502297651
1392196191370084547
1334542254215266405
1027256935835250729
1357111311925776546
1381966089923067935
1254520388285890600
1399508575965155380
1258513135921266768
1203194049377468436
1401472343448096769
934775574130462720
1045004648781709313
767168357836390432
1192904799298015403
1318095577845862430
716558872566956063
1327525930343731240
1368674204651622451
1221081673991454750
1383113219916169226
1396158203749994630
1346953132877283389
1354039424433782816
1088165626868158567
1337133467007451247
1398602428609462282
1403739270610419722
1367188199168016476
1404876809320923226
1376384417588838581
1354109377396605019
1355851445324218501
853972637683154945
1146648952486240287
1281487637299069000
1341381546598334527
1369153363408846908
1352858141250814096
1294301421797380120
1203041941336363093
1313698405712920581
1378770132217888890
547910969871958066
1265781593151246374
1366406237897625600
765149983468290068
1397737091625914500
1131970771447709736
1218358735416721489
1228528387333689445
1405177654679834695
759222177865269259
1325682993666330684
1328659203807772793
1381635567665545357
1241455917195727010
1384149241441812591
1175729558826258492
1331684701588426817
1167120521440264212
865006362412449802
760745551493988352
1398149281357238392
1403871041868140586
1403486406369611892
1407108046576025600
1303066532510961734
1353457573373804676
1377925967762292756
1362568452245815346
1386859252051869857
1407087522038808669
1395523356123467870
1173603974906134548
1399087178117677086
1385868121180475413
1371530996532510780
1402975062751055882
1377923975773945947
1385240019345735751
1138596150291730542
1172981620412776540
1376889757111685273
1372264255713181769
1395490550236315719
1224108515506000003
1400088126000730216
1374818088704409760
1395318731583787071
1368214414087553078
1373742720366936064
983557549271973929
1143835585358876722
1028388053334642768
1404618686005776488
1402820750032769125
1116795350037041213
1388573144758882385
1388576742276337744
1388589565454975178
1388596075014918154
1388599466222686380
1332766900278530112
1015363350198226945
1185043041690591363
1217387762106503240
1397850600535752856
1384236482121957379
926505484406628393
1393441017956663306
1317582046192865322
987088169264644140
1329428625174302730
1379141080255037501
748220679580811274
1256537805748699186
1370064163216298055
1401978650571833494
989691540085571635
990686401492316202
1264262947861954624
1398602529297924136
1375746282425028642
1388261511998210119
1294024423380221983
1387546718970843399
1119895691356012544
1335053310817996873
1214366736066023515
1367999884367630397
1388207008964149440
1389360478874243102
1223701472072695808
1331422889299410955
1230205530920980513
1195400114085298279
1188433159373721690
1387766200506908713
1296301184214106164
1317344606806872094
1290644829856075798
1119008566502768741
1387116015946694790
1318547072105975890
1309251600652570699
1333377224627458058
907320345290223647
598912305803034624
996981742315507732
1376884180247380009
1082029081878601858
1405460354263416883
1378454639808086046
1388183111518650498
1386151698287824958
1348456378536038432
1304235473434054766
1347148925659906088
919887281576349717
1400449929003925554
1308827823645134900
1306737551037693985
1098232827545391136
1222613688591056986
1294386071211212810
1380065177021579345
740070864027910204
771138221823361035
1396190895178645637
1360995562148729035
1100133251101753496
1335414546910806039
1381719263475400715
1374208233161359441
1384542382728548457
1331099837248049234
1216336394780278784
1303205237246394408
1343480252374057062
1272972123446706227
1397602293871935552
1359419258727170151
1343821349222744064
1319838545187442770
1398365565315186711
1354327895622811829
1376628558319063050
1310726559493128298
1395091810891731068
1379858671256866948
1261016239375908877
1289407991510208613
1341794218343137361
1236257254374899767
1403145103178207253
1392112857419747382
798503796556169246
1301698195985924096
1307655787363041301
1385598224873816247
1122803925305802823
1323286499508228166
1378150511018115092
1365156461008916485
1314477355204608040
1362370443469656074
1294864301269454952
1289650636010553479
1053851155127611453
885582691351814195
1382282071292252171
1385647212247384165
1394292216804937758
1395935460424941708
1316798772281344153
1013309765528604672
1396477692215558286
1280934760818020399
1378517867632525443
1396154540352475207
1391174370369601616
1392181176315285566
1316455642701238395
1330402539719364704
1351494601466318851
1265702061442465872
1370475697348280370
1389877709840060447
1386578495299260447
1006182112153579561
827492986417709067
1376087028407599155
773193620051460096
1342704827074871316
1375213261456277588
1393293570685010083
1242021304706666536
1219540911583658006
1381961230100729991
1364672420203729097
1387153698077020160
1127990124366549042
1383549581010276412
1384518414915211397
995793670458589246
1379202513273753700
1401844159471423573
1311156359139557446
1389701483049783496
1274267954552373278
1333862295448715397
1329880571090042921
1328751811821047848
1001925528837685298
1362873121949880662
1344070984260391023
1236121281884065816
1402838390482931712
1399832880854732891
1171301915586474010
1252556026570346522
1217687666917638254
1237393018093572126
1395672351558865028
1358436101492178984
1302350376766410757
1336948655634124871
1201732068124676196
1159295106227122186
1399079543381168339
1399726020709449748
1359229683140399155
1138702004504498306
1390857990541676557
1342177307921485957
1318234717010788444
1371374186165043354
1355116219845574746
1386330470576296034
1400967858736988232
1386338086409076778
1148288867733090406
1401818638347927582
874051414119292960
1290372987857535039
913703357728833546
1094167853160214629
1286567791712796746
1148274822825132122
1406685733430759515
1352666761077461194
1388179959285289030
1335483810850013319
1300426640047996930
1295199926699036683
1241840940977492002
1394849140197822576
1215791823318941746
1386179956459049161
1392534836660670464
1395628988856143913
1284899369954316288
1305277432852385835
1305335251840798800
1390468688561573941
834254274799337512
964257071765790720
1188640657359773816
1301223630021201922
1395027887576584398
1338860301377994792