1376518001251061912
1343044172222959626
766804262973866044
1092594573886369833
1131512720307535903
1224215131018362903
1136086530998415522
695013726696374316
1371979553374998669
1208766862637408256
1224218090477195266
1354538971853619310
833437290621304843
1143874633754497095
813553473588690974
1242440279659909182
1207314036014710847
1214572558784143360
1005071396906475580
922799262134308955
738402098554732615
1270291307516006464
1152581713705304115
1094959283654897736
1293559831180869692
498205155750051881
1352569172206420053
1355713584965095474
1381443937721384984
1009345770060795944
1126976669509505194
1276929924107604143
1108025318947704902
597966439797882903
948713278715093023
781851664764108840
1382024215313514496
1214838809292967968
1262062829159186496
1339005284344922205