1301704731072266282
1402520565813612695
1404567127750479904
1185020983296409756
1405661027995095103
1394272806384173116
1384146901842268232
1386066761576747021
1393679970819248138
1341599328493375518
1370789011437781074
1388143762793959464
1397240155814891697
1389608426715484271
1382775680881787021
1390879844157489302
1390786101878194327
1393088495098003537
1392905472377622560
1383732660400160899
1406894891962990665
1372532886745649297
1404160426513535140
1388720914123853934
1391336295925809224
1393533813212319815
1394092241307566202
1391948120576757850
1392696207280963636
1392442713999151166
1376927490148405310
1251590732930744393
1210131609391595541
1387158242538291321
1363995069090238536
1402800653218349116
895792437539266591
1378566961696477186
1388512593676861494
1382179123350339655
1386141717287403660
956745034697408523
1393027932729118843
1408592340293255319
1254192751495614518
1381331057533649057
1404851168475086888
1225194824970408011
1328109357187072032
1353864253874110515
1116854003188371559
1372518284926390317
351069760542343168
1336057009836920924
1385846314817945650
1393602305680478290
1393302897806282866
1392631727171829811
1392465667772649563
1392496977652219996
1406998707634835652
1384728587059335262
1402820750032769125
1401389195662200943
1403324701660414044
1402430324436107294
1379989138014605437
1398602529297924136
1393311989622636636
952110713697108028
1386339285136838656
1386279746345635953
1386276375589294140
1385686328301060116
1385686916992733394
1386584880477110292
1386221062374822070
1391168515989442590
1406449714756587654
1402434665633153089
1351643828569768069
925433934781743155
1389751728072822854
852531944956493844
1382799578734006312
1364715435441782946
1372247055778713662
1386048155870564365
1400543028455931988
1408131669478608896
1306855383767449650
1279604801650556958
1385680849416093911
1391856605951430698
1387094312927494356
1391174370369601616
1392181176315285566
1389318732018483353
1398153277929033761
1365066299469987853
1392552788948684901
1355656303460094013
1384640976559149067
1392823512884056104
1393086539797499995
1402838390482931712
1371509033772650499
1396936534086651994
1393037755931693268
1392947475161026741
1375464431286489148
1405993752572723230
1354450420319129734
1383095252675727430
1406646240640499812
1395042378724937778
1387483777319698472
1392539224187863154
1281711244109287446
1384617575014596659
1350495462448431187