1414221462893498409
1245471365562110137
1422998497334132766
934034814925938699
1416757703182782594
1303424392356696196
1422428400454467585
1392425849143164960
1264287448314417263
1384011695793635368
1360649699895283783
1334578173853040722
1201856822898597930
1382483091091619901
1319706342285508692
1386162288125284433
1329154209211351112
1376972550306795521
1398548924704493590
1375154249771651133
1411954006762459237
1381639213337940109
1422700386807976047
1405634627766325278
1386524025798524968
1282720952416997499
1226095853807341641
1422996312370053267
1421879653630611577
787742722370961469
1225953945747329064
734521497607209030
1316796500281655379
1048888263257104445
1219467876449386597
1384352121721327696
1422453070968782918
1400122212723327051
1363254873864278379
244936129319534592
1387233913163747418
1404946214201331916
1416903235142291537
1362404940089262341
1399448041345515690
1133334990957060179
1386946132864667750
1405749312033390592
1228363426368327751
663760680830238739
1382062830660096113
1418277124732883044
1382440173454884894
1342501311928729711
1243557766606487654
1398372015345369190
1394815504228683937
1261630672200667189
1414114186367340565
1405985644584505507
1370911085045088359
1359978815929061456
1315583550984028163
1368504623765127178
1267269781300580485
1387895986940149831
1365065773411733730
1403835032891560007
1342789413972742194
1410159993222594561
1381397631548522548
1388535216460795944
1420849781168799804
1335359395806056538
1389637554453876848
1408876470176055386
1408722649823318137
1352450209485160589
979474444017864774
1412823961716396224
1384295708311552010
1074356938986487879
1374393017556795497
1223467980449648660
1362787576888426558
816162446330036284
839187534985691236
1400847078464422061
1419730359486124135
1414838224639234069
812963831852040202
1397850600535752856
1045033451335725096
1400443349155971183
1409502499391406111
1079772723766624286
1254691194286641276
1400568130161606929
1225210469099503690
1328520931127066668
1377979447793291334
1240812179326767184
1405565498019811502
1105546674937536672
1356048968903168014
1375646695425052723
1344047344156545054
1291759142868090942
1272819849894297634
1297767350602432563
1308526652644392990
709539765740896316
1375135791185006762
1198364877421543574
1338315440610480180
1331749903289815134
1383321798224904192
1409629768084754563
656338406221283329
1294843777952911404
1370860442838372412
1378926455941103728
1384195852196778166
1130590161428811777
1386643754613473324
1385978107990769715
1375259177487962152
1384814131357683742
1147231541890658356
1397708532748517388
1378685367103913994
1413196348215525580
1390596833188778110
880139364968058952
1376612435817136191
1250043560179404808
1420214852382883940
1379858671256866948
1385703123237994606
1386091126330491050
1423478985806971025
1396158707426918441
1274505970239672353
1392665471366725696
1407128820917473408
1413082075610746953
1384283838095560725
1423031138099663014
1341909627436007444
1388457087423615037
1380539575252029723
1033981952786706443
1392924263530500096
1397847447560130661
829286195737526302
1149886410086682624
1358238304297812198
1391421924709634118
1403859331807445022
945676977757646919
1350412163256156190
1321144975987179604
1399636629794066453
1398840723343671336
1414577558321893479
1372885315194458183
1397666478584500245
1352975174097702992
1407692766753980428
1229031952452030479
1314514476019613737
1407403248331001947
1409572860531441665
1189965727072014452
1418961002652766278
1278786664969273407
1291054434218148021
1387248333676085319
1397971349301100595
1064315905171013692
1247383988251918347
1380535744866553926
1191597182751625289
1232445486565298257