1376518001251061912
1365653825981124708
1290286263106011177
1363978127977746517
1395042378724937778
1319071743385538601
1371117517426135080
1384373349076963348
1353761774003818558
942806693711052800
1391853307001307176
1189918788011958273
1195758040608157837
1391854556366897192
1387000016496754708
1168591235607429151
1147321664338669578
1085239759934337024
1324769116388593674
1393013460203208714
1311460639008489644
1116268545995706393
1386623121125281802
561271915285839881
952110713697108028
1214366736066023515
1061371990184837211
1320889900513628272
1320062768119943203
1057349314558570677
1358981852542796025
1312120184785338480
1387094312927494356
1157409931197173790
1187995846382452869
1349355461668769824
1326975430477217862
806111192984584242
1232717563541061683
1361930968289644544
1322314268053606412