1353156692589809706
1404964704945836065
1422983143131975690
753644061965156454
1320029542974226493
1392616342372487329
1407469481655013386
927677267545559101
1412690824411611156
811707538202034216
1322221486874038283
1409607702757245003
1236051397133209702
604589138921914391
1206234256809140248
1016109641266114580
826670272425099274
892864169316077621
1193683929526435861
1126519975075659796
612346228046430208
1043102996239757375
1121174752392912966
964253023012540477
1387802660215849062
927236751477571645
1398004559296860212
1423336213997289535
1423626332255813684
1282417653973254174
1388787291518009364
1370491809788330198
908235307005141003
758112289973993483
1397666478584500245
1291332960972177488
1404865423585050659
1415858976888848477
1407512687356678165
1303620163693838412
1345884661402046466
1414577558321893479
1357940152009363558
1352315893488812102
1102951478014005289
1327712347829305394
1199863033556643931
1072178785698467850
1385120057402855504
1061057142397882388
1408518278237655213
1204181837140856882
1181864485812699177
1342652301717934151
1046067987175702578
1414398572383703081
662680036348002316
663157324793512007
1417914360206065787
1418256545451475044
1419394468804694138
1419649080543674439
1419697792099815494
1419719546717208768
1419720842102702143
1419758065812504687
691190788998299728
1313565157049237546
632660516929536001
1023644785506009230
961740529249427487
1086020469179809982
1400517793966723193
1415722718636150926
1265708862414262302
1386371952460955788
1415285983208804426
1408814490723684505
896496030676291624
402994286804598795
1413633250458341376
1401016191094489178
1351895609694490715
1404496369913299084
1326399304574828544
848182784769916958
1412823961716396224
1385341625420480755
1359349019142390000
1395944905557409843
1353806185320415233
730255388628484097
1189222681149710438
1421663464266403850
1342633957963075777
838208410050625557
1205694381755994114
1423403121039900783
792615099834564618
1146027679150247977
1374208786880790650
1396097255794147358
1172981620412776540
1409502499391406111
1317103044546269230
1413220421775392888
1375854066197856347
1412675975409438831
841810326411673662
1403760493004325015
1406323828996440297
1403913131272572978
1055856570090655774
1419007838973464638
868595615142133760
1081339271346135050
1409299985454989376
1344791743475875881
1023261104194998273
1238282939062550530
1422687671708291274
1417945340669329500
1126788754170974218
1423351399470600202
1376414537896562760
1210854737566638102
1076497369694208011
694819576277499924
829286195737526302
1155938611280224256
1392523819347874055
991251619595423774
1415860961318928434
1412599625084440616
1206731049170894878
1396958980819124359
1190066211313160233
1354075329794277436
1360229409830998158
1403454012438741103