1299651312429830209
1276595347430572205
1329048309402435660
789580763267727361
1401472343448096769
670947625121480738
1197036462701551701
817122268332294154
684269903703965874
1008090673502756914
1216117260167675907
976903150478950440
881928966586376192
1357783224666951942
1404160426513535140
1371766041818042441
1150352398976557108
1330927194423431229
1285155719351631931
1349080392816398377
958604604868792361
830808113908940800
1178307631895547947
1133152561084510429
1361367742200152266
1149269440811241543
1238914867348635690
1104351512454512720
1399632223409406032
1090800856644976772
1131025742109606039
1074591380741038080
1394232176119382046
799558036317798441
1377179698173579285
1346751377535406113
1390525235517984899
1274646122593386570
1233045905419276368
904073193650806875
1401357574208749681
967691685305917500
1344633620714881157
1405942749714186381
1156527016565276716
1026472763453607987
1340671808973701170
1227889796358340608
1281575363402793043
989736810613710888
1002640263765819392
908567481008943105
1215770481396027484
1219356136147255380
1021405066009255936
813985994050633769
904714739475709983
1344766876819001457
1149749564149075978
947839782761955380
1069254790686703636
1271101802577793091
992442599489151106
1173333959753613454