1232339657962819625
560747733984739328
1387732671475613823
1404834916197204020
1047062063316488252
1148001496848400450
1264345373078454443
1337164430915403869
1225196999394070570
1216047379887947847
577505405958356992
757931678361714698
1402714019038494822
1328852583107788901
434129280566296590
1324399943321911309
1288194308834594919
1278055624600719541
1172270290546479211
837636996679204864
180697962605707265
1076585459452477470
1392696207280963636
817767630093549609
1356272421690151143
1289334586089672744
823599854894579782
889366908032413766
752945078548562092
1319770242557411441
550958052900339715
663707866737410059
1373867694675464224
1243220766267412530
512431732629438464
1381101387655544844
1282783779982807121
1090355258640842812
1373718650716028930
505689935362129961
1127104842226208819
1312613805728989227
1119237042036027522
1043410790222417931
1404176759661920369
1339427461368254548
1182125152788549642
1080185833065300098
663594672622665758
1346271235868332042
1269056419563311196
1351128430892159027
601676398284898314
352335342210383872
1281218570012852285
1339248748873646154
1147307791736897636
1168643773857796107
478995240523661322
386889916551790602
1285342007493136567
1358713032032915561
774934609351147520
1402975062751055882
766759723805442059
749575768832606218
889929527776645152
935604623731990539
1347912034267693107
1329965395465211904
1372597706241085555
1324985214530883628
1278089668327374939
1405417524224331800
1406466631135395953
951381027216035870
1328649040371650671
476020505829179392
708592382966366280
1307766532805492761
1273559952815820922
1223672936972685393
1402016117563588669
1202293327077318678
1346510704697671701
1217123839029415976
1406999589893967893
1406296327825920070
595173758403084289
359310602138550283
1164348754774728855
344585051079573506
706330680745000970
1213005559742078996
1396986246470832257
1374059252401967206
920333954257678418
1406286996292505670
404062318495006728
1400543028455931988
1073975020881182810
1045746493438566452
900991369026363393
660392233442476062
1346175158075002953
1261399841561514097
505081241356468225
987816016694374470
1379919220510556301
734472261334990919
526444096441810944
452108098509733919
1322155844380524617
1374053072732422175
1264437934497468498
1216139554168242271
1054878508091977738
1328816840427700325
1362482029253365971
495973269237661706
1328580240108163150
1226565623853879389
1405993752572723230
1347649086760816677
467819008557580288
1405661027995095103
1371869092025204796