1372763241955987486
1383732660400160899
1370067682069713019
1274284869882609667
1395538585079513230
1394092241307566202
1346214554274631812
1392696207280963636
1394607854551437362
1107465869816250440
1400566809949765681
1391853307001307176
1255703489825214495
1279604801650556958
890669470929002506
1386141717287403660
1225161634897465545
1400404606370189374
1045420705371660308
1365480469357137965
1396568099431518350
1067220053625417748
1331983380677656616
1406466631135395953
1397991331481256048
952110713697108028
1372518284926390317
1242156934480527385
1391168515989442590
1359600005794500778
1386048155870564365
1400543028455931988
1370884028378517725
1405228536096100484
1393037755931693268
1370143178199535626
921763948993331221
1395628988856143913