1402714019038494822
1404851168475086888
1402781458187288628
1377925967762292756
1372297422298157206
1380864648869314681
1375128585135722546
1376518001251061912
1384679959263445056
1394272806384173116
1385284044497092611
1393032246042300528
979929222380404736
1395466630179455038
1301234654292213861
1138175760612478987
1392425849143164960
1351669290259972277
987768847576727572
1392311179812278304
1392846616628695061
1386066761576747021
1371867385161715814
1388143762793959464
1389541683711971398
1342704827074871316
1392267519963959547
1392867009854832801
1391771041147388108
454291889844256799
1403536936626552884
1296219388957036626
1397189338617610321
1395995078174179358
1387852990144315473
1402852434182799460
1389360478874243102
1393533813212319815
1403006645642068119
1392696207280963636
1398548924704493590
1379885613590904912
1389594568588005418
1371117517426135080
1370498595119304707
1297538082308096145
1390813805231214642
1392967239761920143
1395317048925622345
1404840886415921202
1406334576845918370
1376927490148405310
1400188257618104392
1394607854551437362
1393679970819248138
1393486882540617789
1393136215527653396
1390534948313759764
1393422013686874264
1384489152879263744
1390202598912557107
1390992645592977460
1387158242538291321
1272836984984965243
1389118177413173248
1353761774003818558
1404520559232159846
1371530996532510780
1390048444738961509
1208119385844351007
1239346866781421608
1391853307001307176
1130032535364182056
1398774226034364518
1161302198853050449
1254258431813091358
1386141717287403660
815234079381127168
1361792055378182376
1403963276743802893
1405412634672762931
1402712628664602744
1396682051964502109
1398507010378432684
1401252830521720842
1195758040608157837
1388260161134792794
1367498382557450241
1257340079563870208
1394459121188732988
1393739906802651271
1394615199943622847
1397625197775028244
1401946838004666408
1398951156545491073
1392434696721399870
1400543028455931988
1395461445772116142
1387266849133297764
1385528355142504500
1391336295925809224
1321166601621475414
1393452745306017863
1377273325197463663
1392752075397533746
1387000016496754708
1327869787430457436
1400005479488295025
1404770010496372836
1381966089923067935
1396698175485513820
767168357836390432
1355851445324218501
1363505263855800575
1396472933429543063
1388948844007526625
1398602428609462282
1400404606370189374
1403739270610419722
1404926485512323082
1400847078464422061
1396679716781428867
1397263309111300142
891922921067520000
1336057009836920924
1402430507441979483
1395003027865342003
1331684701588426817
1402334477136429126
1393602305680478290
1392496977652219996
1395463111179374713
1238855806519214132
1394609118890688663
1407087522038808669
1395523356123467870
1391304581471801384
1396865623979720765
1402975062751055882
1390508304572219565
1385598224873816247
768320634597146625
1364588873425883216
1403712441547751435
1381468143125528607
1035901638348640286
1405960323160211576
1379743437628379198
1384236482121957379
1401657944130584717
1321820931965849615
1379141080255037501
1390583242834579529
950413822487855154
1393212954446659634
1398602529297924136
1244277901801820214
1357183243958358146
1007170971184136202
1394605492436860959
1383589450105491496
1129800856884228176
1387649032264093748
1326069742485639179
1386565530508328971
1263235905863553086
1381961230100729991
1343480252374057062
1406136440542466098
1376628558319063050
1107071443998617600
1057349314558570677
1389665446445191374
1386048155870564365
1381645478185406617
1361741457089761534
1402741549594316993
1138582409185595423
1376794044751024208
1349803231039066271
1346583899286929452
1392772247785308190
1339571851218780340
1390010550343172177
1391757214968057996
1395064334870384741
1389887863256252497
1392594907532890152
879389518317371435
1344070984260391023
1387543347547209779
1392552788948684901
1395578228877295676
1399832880854732891
1381687562460074044
1228126341375983697
1377609955518976051
1386799208861929673
1399079543381168339
1392539224187863154
1273817640904822826
1380868036025782323
1378530697693757501
1388759283084300338