1405571619858026508
1406420932259610805
1405248690205229088
1368109440045285408
1103523264950698055
1249556284173324431
346696611281502209
1402100212029460571
1400198422132428850
1405661027995095103
1394272806384173116
1406914607133753479
1395072407349231718
1404078749842018464
1403379383191736340
852724884241121320
1387573060676358216
1405520612880945222
1408827848403325058
1407128820917473408
1399840519655522304
1278263640696291338
1405343252051132517
1402852434182799460
1402334331468255322
915362435744022598
1316892760971808859
1153865847534796810
590564054515580968
1402715113664020540
1393823980800180305
1296219388957036626
1409248256835190964
1210131609391595541
1407308764612399184
1407628188397604965
1402390927791751270
1404946214201331916
1407913287214960771
1262528376271540256
1392531348681392130
1344414927682797709
1406984497592930374
1408887163579535441
1403570377870807180
1403963276743802893
1405412634672762931
1405746289307684926
1404312015991738508
1361367742200152266
1225194824970408011
1342789413972742194
1398602428609462282
1391351755215732849
465357427823345664
1307811525834309632
1402334477136429126
1399541224767230115
1403486406369611892
1406551172692840468
1404989176117592085
1406791681092616232
1406998707634835652
1404595507115987027
1401389195662200943
1406466631135395953
1402430324436107294
1408503122455695414
1402349255972229231
1407613491124240496
1400568130161606929
1406427517920874628
1398602529297924136
1398648396067115049
1404861199832842281
1384077581833212055
1396961317679661097
1264287448314417263
1389799677972709436
1398304381924937871
454292657552752643
1392808676972040263
1403131544851452036
1408545187260796940
1254126685595631626
1400543028455931988
1400448778091233318
1392772247785308190
1405728853233500221
1408615750410961068
1407414345796812852
1408275280556064860
1369956079026442293
1401946838004666408
1332678461378134086
1404520559232159846
1408469371709427835
1380868036025782323