1395512525994459258
1398265839278362675
1398013350939721832
454291889844256799
1398162459466010624
1406415316602454128
1398125015907700776
1398548924704493590
1396196881972854955
1398028913007132836
1396705522312413319
1397794657475366985
1071189730806464592
1394519342871482521
1267295801193791599
1405616237727187147
1392721904397320303
1394355346591449129
1384755932042367009
1273618600263028799
1402493747350077562
1386945087145119804
920457576305557564
1165140241611493477
1395524242816372790
1199866501822414950
1398026541568626698
1396338820894556270
1366826091813015593
1397009451982262304
1387770418563121274
1396396672032182286
1395891114875158639
1355749137361928343
1388662959810678874
1396727834797412482
1001515265118449784
1377714990215073862
1226132034271969280
1395558147896377394
1390655191488921620
1394865628438991028
1394141521313398877
1394813002804367421
1397371702157250612
1397802275040395347
1398231484317302887
1400345170268000336
985906803093164062
1357674537692561508
1397816610722414694
1326284930572877864
768249359980167169
1394815193527091322
1066419322236453024
1394915302843875409
1397457679903100988
1232401349405311016
1396568592987852841
1392694973719380129
875327429504303114
1012085929722253462
1392501834610114682
1363629769140207796
1392395419350466570
1399263956136235008
1394556262024220715
1397815495113179240
1313189519872491625
1353423787055513621
1358931512258728099
1394829992357265431
1396920856361435372
1397745207046570166
1395929441711951983
988539383231676457
1280831232879624233
1392508190733897818
584232843744378892
1394954605540147230
664976937864658944
1401825972033945671
1240453671318458429
1394444782935212052
1397668018393321546
1396158707426918441
1389210690400682005
1092901795736600696
1402705294940966974
1388902721280675920
1397817697256865865
1352969407810244659
1353029753371889757
1379919220510556301
1397805800382009445
1394509505701609512
890275392999534592
1395062728011546676