1199245884664324170
1346222986419507241
1185201015650254849
1198304932336521428
1132386302906609744
760322452261044254
896565453567180833
910368118071767151
1091441826948448257
1068674179936821408
1067503321776136212
1091291058173906964
1207785727212130375
1204646169536372776
1010335626714939423
1170737896467210282
1125860340236828773
1264310472413544480
1276747956414058509
1189947582571630737
1221244249148755979
1373612957350494228
1151869308549484594
1232756020711915645
1093657179552239708
1274553784839966763
1410472008130756659
1414311191064612955
1369183369690218558
1399570700913610763
1349132575083331705
998508011448442933
1280878309173104772
1130852877380898817
1387279806080745492
792197750737207327