1397821279788073071
1328067339593453602
1070820774824378480
1318326901344829611
1270085593656983564
1284781682322575436
905505747306160199
542158216017215498
690291805199138856
1258141883608072282
1159390497031344139
436024541500801026
1151869409468616744
1396525471683842209
790062490612400128
785321175626416159
239125428080607233
1102659779744256111
891451486352068629
391633737613312010
424699831613653007
1328156031607377963
814511911219494929
801827420394225676
1150178713682583692
1248020051060199478
1279450832781316203
1042254954502553630
1290662037453799530
928063801071374346
949833112056102922
952742383240491008
1099507823861321728
248053908646264832
989580186896961588
262158219571363841
1391270716485271632
1108540165162532894
1329752786476335217
1265841453566005301
1100531275263127713
1026789996608372747
1062182705724395550
1160534804312371350
762612084403732520
727951388411297922
853423176670904320
876947877740576821
1152102425000431696
1245228255762452612
955243319108202496
1126161846555115561
1325522755789000724
899786025797320725
1370974435464446012
502152199573602324
837830546054447154
1319811122647535627
972175357866291281
1248481309764878400
1026234327547265026
1170241398998573089
894654986083004437
1388771407537635471
1126149070835171409
1154819511304863744
1146522951978598430
715585142596304916
1341880442755878932
1099904351809577043
693199654246023280
1183895507286900877
1238207070193586257
1157762801440395414
1265538459288998008
975437650628603914
1375207585522909234
1258881159874740408
1266703565901004852
721033829640306728
1282713101963231247
1240911230764580925
1058416420792303646
792376285322018817
1319281333763182654
541508959241109505
1268800514842169355
1165795037171437568
1393753932202774579
1180850101065875556
513707225223659521
1219665450804318250
1287067964847165460
1281591439620444214
1275412951075127318
930455072704458752
608060833829748766
801583267647586314
486893660999254027
750908305362386994
996605437266898994
1321598915740569610
1373837971677249577
1229234682458280020
1325426960507211827
988454716470095923
979996584207061032
240823075476602880
1301821539498463283
557248104508948483
1404839539473776783
1127559738599677962
1399404080564277339
1326715881065152513
1283637128965783602
1190474586781929582
1200250487581196348
817912982537240628
578211392637632514
498006241818312726
812494171469774899
1190837700132089967
1400816343779115130
1267172793041158186
1367051227078332538
1206385619916562473
975751341739757590
1141164883061252258
1108471908598546472
935671691122724884
1303809203617660992
1271592815830503536
653733762403926016
1132665119919325184
1366901274309558334
1328272937651933235
1220804518061543455
913577885183406110
1292647795873943583
1282200563550785661
991458466709389352
763105020568404069
1303574361214816349
1062524366992187403
881408853722427403
1142140592646787252
1238454980642607135
1279500052213137469
932227917470134342
501140880644767745
1172375676037386370
1024336795510517854
823729047787536435
1329185495007101070
1389735670758641684
1226209275882504272
380384428116934656
1270466275759362108
1117971981992738927
1122337827368218676
1142547957225361428
304774052596285441
1239889545487712386
1337597702325932157
1047195589324046407
1324362145961611339
255769516380782603
317286146826567680
1193742283196084276
1217193147172389046
1161520857672335442
1030301212857335869
1367143916733993020
1320604016861773834
1238185094347489390
1212201211760087070
481181893749112863
1100573756524613743
1323548453598396467
1146099572310016000
1155193701811892304
949766917990776852
448395331114106890
1338742420723990600
1280294286033948673
1330427981256196137
249708064654098453
1202746486161670204
1203898617874882621
1312313688136618085
1395945442197504000
1307231561242120242
1303778440943763456
1136991567060672552
1361532392866840687
1193287648194867285
1289762337430962310
1278346470893944905
1070878678231289876
995179401438298162
1343407363050311750
1213226088604373088
1163501564711932045
1198192756330332240
1284601441461211213
1355018404289056799
291958607782608898
1184760012329988146
1269601306033655895
1062959043645292595
1126624145464107179
992259345217749072
1200926441282482208
1183911503003406437
1206046048909267025
1138637083238465568
995354313926905987
1352048206120357919
1207837042063573012
1215477250690916396
1303817657002492036
1337405730340343838
1265060712137490438
848772275208454144
1248094060393267261
1379815368096481331
1097528400375185479
906987257817337877
605567440474210305
1275588094023696550
1058463209121652806
1373554730449768530
1129595720358436985
1335660662025879652
1222047726175256628
1352598522926465094
1239222396242755644
1268282220280287286
1282239867539030118
928484119887880242
833907773329768478
809261602792407060
1312596546247987211
1094008472368054412
947064003673337857
878018411731509251
1342166647045095428
1192980770202075237
962165329415507999
1033316957988061184
1152311124226756678
1175152530230095996
1200683985383198752
425436077365526530
1196133901513535658
1371001644631851048
929537740066922526
1223076858308984872
1320764051193856051
1196504664422744118
1267006680126984346
543098047077285889
1328167597291864131
1228706924237688944
767133935964127273
1249463675446628363
945064346231386192
762094398082121738
896952376643178596
1187103592805572708
1303177562435878953
1232890122635055138
995474724807262290
1198717644484907149
1275140206001131600
1306392002585169981
1194430954207465513
1284608144999452873
1311863801338925067
1319077766141968396
1276428071913787444
1325491315424759900
418715343733784576
926148670523580478
985565223756910673
879473434474709033
834255283638632450
1285764419804074048
758012890182713524
265196233243623424
796534984268972052
1267835271362121749
1120792225723453591
1262970995824918621
1379171326425694288
1303809611052089475
1216405962135568487
982902691334340650
400695483326267392
543925680048701465
1102524491512426567
1372483850277490800
1135092156831375370
1264483139099562068
1397301617690153030
1326715960328982641
1215025746343493715
1344638295841181798
464053775443689474
1203248857190899722
1113927560162721805
1280379019086528532
1207085354708901900
1354401719320313869
1201558930170593280
1391335731963891722
274794509827702784
1150261814534340608
1225658255154348092
907957847013351494
1221177705412821073
987785212786245743
1083176916414111786
1384857103201468446
584203595679793164
1282676671966875782
1047386364469051422
1312428940962299924
1269040927842762886
1199666761671385089
1156020578755563570
1283518015018635356
928320233561796638
1213417177500360735
1200254691955716158
1138308566969757747
1208379706487873566
1236817881862508695
921103128219234334
534794366980456478
882741699061907506
1176667728350806016
1291354124184719463
1025872788214517928
1172025541071745075
1270770141507883082
1328641685965508659
1295459008731418719
1287507740645658656
1343145640078872671
1068227045835939840
1307095735963222027
1281041463458660434
919159872287830048
1303201841999515738
1389841704814907443
371056859471413249
1201742426780479490
717408738201305219
983340256092885022
1031053983579656282
1307320167868403732
1348040313268342916
893068772741623828
674317512749613086
1270381103655686335
1006239879539195984
1379616759618863195
1020877602493309009
1163124517347000352
1271328769713377280
224964590524563457
976062711702093834
488210180589355021
1319309392671146126
1171958310661017624
749362362955595797
1191237767347306587
949989018324574208
670406143436390411
950180089335799878
1164343237461422111
1253872772367646751
1289258982049054856
1190047266317271093
794587007056740363
1078028110261387374
547618250725261313
1131495725566537808
619368981660303392
959538897887567943
1290366930875846658
864377803075223563
1208154198256914544
1286811319953133609
716137084095692880
1224502648460546100
1401352052055212123
1255329581301497867
1350028978844602429
1295831022054932515
1139990879239667763
1241636870820204617
1274462667406577664
933763073993490482
1198783926576103584
1246700758502608968
1320161256019333152
1116567255900241975
1227184651232215122
1270682876131672064
932091044957421638
1265841345562411008
1370744847421542531
758013008604823633
1187979965854126160
1086426784301592668
1219465050339938335
1381341886614208703
1268423271507034235
1226708507974172852
887880745987739689
974822373926797422
410161458052202518
800214387268255754
373751747333849088
961662143520976897
1199471328877625506
1133487802827427971
1189840857843650642
956737090811473931
1221315231112888385
794403040778125374
1326846389178728489
1226000514248871958
909613062015840256
803267411670597662
1238218525185675274
1132777199733325954
877763601237151765
1125658628171517952
1356773591919759451
1290143757911461909
1057753269314801695
559140810587766819
1371676843111092315
1031383048232652910
996160115570917376
822125745828003851
796816035055403028
1225305969781903380
829105622917840897
791552869689720832
1249205789206511688
1291119466939289736
1171974636892852329
867627909669060638
1336248293423976469
1286838027959926794
1113963860160958545
1231682654349561917
749215329309163521
832760244378796033
966533303073124402
1196250167549120583
1253223904764497991
779916056617549837
1206729368588652594
1316755608535306361
1335338190956920864
1163112134146801765
971951514052599860
733015039044354161
1216610251424534601
910000476085424128
1338262694205063309
1222423865528160308
1198715320802758667
819694214123618334
1298363005565931591
1248024173092274258
1183801319354535937
1319471026190549083
1132817557661941840
922801403200696320
1219133771945738260
1330719504124088332
548617372626452508
1094776392610222121
1403452297186381874
1268385261348454410
1020914132343595079
1114049211445559337
1282256676040216668
1267074831875182624
558744842042343434
1262740193815953511
1013719673612804156
1175508113374314640
1181309205416775751
1198098272267542609
1379114697621766215
1230417910858780763
1092218401696530542
1325240858773164032
1062803900798861413
1212001040317288451
1188014466823114823
921256499806892082
957047674513784922
1190009276966641739
1254502366947053671
1170602209533231251
694999904757481635
1104993131461615687
1254735868263010366
1248868750841745490
1168299010252095628
1158494002627215380
1336857336421154896
1221975192956567682
1330371019877253252
1184923699657310310
755194193982390342
1236339784331559023
1232840643160571936
1178443301314109535
1283504449247121512
1217969399718481941
836250551905550377
1340919618193199138
1278900164681138227
788059026381865010
852604571858632765
1321153101843005460
1242902990835290224
1263675559314194549
1095184889915121674
891576578713215016
989995094285385790
1276397182030844029
1198819500808745041
715103582508286014
1364761941939195934
1283464951574429822
1137887536916738109
1285596218680021056
890015321887485993
1305109875914707030
1309970074966294629
1329826906345963541
1354016700688760875
295888063350046720
714042159359328257
1279589425357127816
805957038567325737
1262242347387977751
562754201457917963
1214344994488590340
1114294905079079035
659886135694065694
1219961640112492596
1326883846955733057
239169890265726976
876192900294275222
1246155424424788084
1257080982587052155
214871804374679553
1222543839072358410
1199610445351370762
1250130016956842096
867071578197852201
1170523701670850744
560234262784245878
1241148438570336316
1267496547084664867
1328755007180247116
741491717777260575
1283270228184137748
1242048751959539793
1046524926414307488
750076020417364150
851938621723377764
926370165845807145
1339499516788871188
502205644107939841
992735101983146056
949865091912843347
1093152328808407060
1141175479030788199
1274138852436480051
1314485322570272781
1308511177869099038
1260782248345604160
1182434588715384944
1205347902625550420
774727950230355978
1211351359618555934
299261378718334976
890698286783135764
576868884024524830
894742036660494436
1214974190512513084
1336097827670986875
1232020003944140831
1289368163519168634
1355107270815514705
1321993469836660931
1331832966988435571
1183567664174612570
1321039523102326790
1207891012761034763
1081776170305060945
973167652384161854
1150397740677865493