1404078749842018464
1406420932259610805
1084241682519826442
1316917741638389840
1406724425717645395
1357392240418357429
1405661027995095103
1322314268053606412
1397240155814891697
1407613491124240496
1370863773400825898
1406894891962990665
1353008579686170677
1399840519655522304
869180857028587530
1389120721183309885
1296219388957036626
716180194456502313
1407913287214960771
1402520565813612695
1169342902195982399
1303392766906077286
1344414927682797709
890669470929002506
895792437539266591
1408592340293255319
1254192751495614518
1225194824970408011
1353864253874110515
1116854003188371559
887729532667297833
1391351755215732849
1372518284926390317
1395999429609263166
1407087522038808669
1123662824661594142
1401389195662200943
1403324701660414044
1402430324436107294
1398602529297924136
1406449714756587654
1351643828569768069
925433934781743155
1380225398645850223
1137297967133499483
1401720391000526988
1400543028455931988
1408131669478608896
1386187638993715300
1096010670086045696
1279604801650556958
1407414345796812852
1393753369817907301
1405592447848943717
1402509523788497007
1371509033772650499
1408595871976656927
1370143178199535626
1228126341375983697
1354450420319129734
1404520559232159846
1399726020709449748
1159296149358903338
1383078094071529684
782871740858236968
1367261598808543385