1414221462893498409
244936129319534592
1421568690641571871
1422998497334132766
598047533373325325
1269392078689927293
1363859175087669308
1400436343917776987
1222895656180518944
1424456241253711953
1410028282346471476
1423348416838238328
1403187805391425536
1416757703182782594
869224419837485086
988539383231676457
1230980701730504790
1409979016114475058
1309955408407826506
1408242139757936845
1423087304993407088
1423336213997289535
1423626332255813684
1420121726108438642
1333768654113869825
1422428400454467585
1339006793308966982
1376414537896562760
1402819416835625051
1399840519655522304
1378522145402912828
344819996872015875
1339064986177114212
285323814991167489
1407221678215532604
1283681330533498893
1337767099283542026
1201619881624354846
1402515486083780698
1334578173853040722
1409929224709472368
1411025930528362527
510123727422226433
1121978342866956339
1401973320231944224
678404841776611348
1341432240676016131
1421696727244738594
1399105640890106068
1291332960972177488
1406497545366278217
1383542586081411185
1320479602996678757
1422997356818731110
1412820289602977884
1071445617919930529
1409790888414150736
1412844811534205059
1422327353987567687
1422700386807976047
1395044040621297754
953079329473040444
918726546712330292
596748008360771597
1391421924709634118
1422024884971900928
968648172295557140
1405634627766325278
1415454707530469386
1422996312370053267
1421879653630611577
1416885178122633308
1405616237727187147
1424107597069418637
1417288263139463268
1422453070968782918
1399944844628983859
1256904953939755098
1363254873864278379
1414758772798394448
1396618091450073199
1422949066782015569
1384755932042367009
1422584300196466738
1422653414747406337
1410013779487490099
1419772965649907712
1399119160818270399
885048942109290608
1404946214201331916
1416903235142291537
1422996323061207130
1406173892325670963
1421025743789494274
1411603472318726155
1193281568807080167
926082644792451133
1399448041345515690
276110167337205760
1423106770653675661
1412872822996340992
1407544857479876609
1423074995029938197
1397052718715109450
1423772667483394110
829286195737526302
1398774226034364518
1401023888410017872
1396519841925431399
1143890529424265286
1415875835100921987
1277265494197407851
1423032449377505391
1369678099649925201
1386717278581821541
1386764143629176984
1378813759967068192
1330594281894969439
1416946923855941666
1391175579981709422
1392924879204126730
1420838947004616844
1389393533483487293
1392668319450136788
1404592655526268943
1400122212723327051
1376906279670513667
1405985644584505507
1393292220827963614
1424572546812084347
1422996324449648811
549953219590356994
1390666352938848380
1401915911417630890
875172771792044033
1400446203304480850
1404371374453293117
1408447585282298007
1373524516889690223
1413633250458341376
1304730063593541674
1154816051956174848
1402006381703205005
1416557921025786016
1235071456984039425
1412955303846219937
1412812636986544159
1416098245809143828
1414943064354455675
964855945320624128
1389261016851812537
1342789413972742194
1410159993222594561
1074356938986487879
1351192800259080275
1417120055011053610
1389627959408857108
1390595732385300500
1420849781168799804
1389637554453876848
1408876470176055386
1400847078464422061
1408722649823318137
1415866510357958709
1394813538970894448
1397975022311837737
1410789482663514132
1417476681861435514
1407362195473563669
692614361700761662
1368890391587197000
1415064910638874794
1279162555541094473
1411071168336892005
1413887594026110986
1392788252036960306
1421138000196141207
1397312555189403661
1419730359486124135
1414758288830103562
1280307635559862415
812963831852040202
794984130768011264
1348027168793428101
1407884729683939458
1400443349155971183
1421581307774763078
1409502499391406111
1267985117390049283
1412788984131616869
583005871098036227
1412810619954139236
1415419101672902798
1414558401924436023
1420799839465246813
1387094449384980661
1408099232610652281
1422996322612678656
1423825228047450115
1424432650503979128
1392616353772474569
1411379419041235069
1240812179326767184
1412675975409438831
1423148599621193838
1417674194535059516
1424128558804111360
1167001903985610832
1380403346216583249
1402711764159697021
489066441207971840
1300641334574452798
1386901859519954944
1362927754734997784
696401108503101450
1411485132476649602
1386728550912098355
1386710958151569461
1226095853807341641
1423375554043838564
1424433417126281327
1413970945038749696
1342784158358831136
1409807733678669837
1399652864812515370
1412837590653997086
1418846825112277055
1397759144265650238
1198364877421543574
1115189383952347156
1331749903289815134
1383321798224904192
1409629768084754563
1411370922073395341
1416546474455466045
1422433651685331034
1394057090749960374
1412824415313592320
1395942175962824814
1266585331843465216
1394117109361021006
1393238752805130411
1394826697538404403
1406258319131283618
1390154258133024869
997542920204865607
1001651988318142605
1228104840945733693
1347982364172750972
1403859331807445022
1348139751269732362
1405913856051773511
1397708532748517388
1418770470421135442
1194789166345625654
1423146055054135350
1387605444725440542
1244428345207291927
1387569975249866842
1378486550806925372
1400568130161606929
1412067703115747430
1380135672626548819
1422257041761636423
1423478985806971025
505864980944388098
1170990637282246698
1423054120675446795
1407128820917473408
1391387469920079902
1405312088267554887
1413082075610746953
1268710464817463338
1424137672397557850
1423031138099663014
1416581471233376397
1367675083660722187
1406693992514457640
1421472776526762015
950413822487855154
1387050448342614079
1397847447560130661
1399433971154030856
1408581420883906620
1174193027879809135
1394850159334002889
1408482280888074291
1423822480211968020
1423822599103844442
1408615750410961068
1408825453153616028
1399636629794066453
1398840723343671336
1400517294576111747
1320372306631200848
1406046900452331571
1414577558321893479
1415055775977705562
1376539406210437262
1409572860531441665
1392924263530500096
1189965727072014452
1418295298425487460
1397971349301100595
1355976139063038103
1403808140096704684
1098905963622309959
1423263433893089341
1409342821659443200
1393408199364841565
1191597182751625289