521497619860815902
1363610177605206096
879953424303669319
1158238546193285120
1374567142162301048
598047533373325325
1408242139757936845
240830413759709184
1384397022836297788
1381037021296066622
1390730506110505092
1412164080067674123
1167241620480073819
1380798267788361769
1394896505097293889
1280865633180979374
1346102734289506304
1402652500703842416
1299056414320230504
1360379495353286796
1399412828426731671
1411294685334474822
1286975143301742654
1386827091819102371
1289089508738072670
1367581380111896700
601771011205103616
1341534316127326250
1371069176323772448
1333088891170852918
1309250000139714695
1379979100395143208
1174093686229975215
1132655349913096264
641885230873182230
1386946034483200113
1390951587618230303
1174114762875994135
1348187483082588281
1332224162143535197
1361153000143585323
1095200484337397760
1292239426478542870
1383907364998086787
1386077708211196027
1397106290471342182
1380773520321282129
1340093243827687504
1396196881972854955
1398819133063434260
842155160833622066
1352587027052363836
1096841870098837604
937195382516109373
1257353384785088627
1404869212094070966
953079329473040444
1339714086622986372
1247273686713765932
1380255864132337686
1389097655279423640
1381659116187025409
1225485103279636561
1241956753244028960
1117992956956250203
1379088115611729984
1361006888090734642
1131296816646856788
1272396881619849299
591165790569365526
1390494732689477713
1326586875494006826
1399621878955376740
1166071248992862248
1086410464017260554
1404460240572776520
1261063804943597671
1385562974152036362
1390534948313759764
1313713803111829565
1363254873864278379
1385817996479697009
1132756993636053082
1379955599751643217
1387351235186917390
1399119160818270399
1389013616921153689
426797778149310466
1106626877067628624
1265685699781464156
1128127593321865276
1407731503089061989
1404317563751501854
994086386347024434
761067274815537165
1404623870966894627
1159209642518380644
957400788127318076
1213601083616661574
1187888449731178557
232318936761237504
1299824033680064604
1390787129159975123
1390513989980655727
1311756336975052832
1378331311932182578
1376713002979426394
1190757561859854490
1119854590750380082
1206924848375267379
908415755421372476
1395295329959809026
492637868414468096
1379109033985704106
1397377072464396391
968409987737071657
1390507429934137346
1111334313196257281
1390948176260759592
523559543863771146
1302486595525414932
1337712315918848023
1387396251095531601
1390518370834579457
1388193418445848727
1345864842480980020
1262657822060187682
1394111746809270432
1411854984261402654
1380021255738101802
1390502455548317769
1388599910558990438
689897671753728061
1390702099272171631
1388597641293598823
998903676410269766
1400346782252138646
1402100212029460571
1388888796141060116
1388019779226304583
1399504226174111896
1223860839220646033
468954066995773450
1385085938006364270
1345090124744101980
1106766869525962783
1236375036080685116
1046678216322076773
1155259160984830034
1365312814603833394
1389046210199031888
1350349584106393694
1401490725702733906
1371269279588024401
783198289474486272
1044712669522956368
1387961299862032558
1223119872993661088
1340034505112551506
1400348528387162262
1390564370962190416
1381118763684073555
1398275375192215615
1404592655526268943
1392497141762494526
1389988983207104614
899587553097822278
1342387812309401680
1127850893459591239
1337878382381240333
1298502338620948480
1387601446836633731
1342553361571909754
1379544533972422757
1391296439824678952
1390083967239192596
1403842510765293568
1390474893577031743
1378514847288918046
519935063417290758
192411668754595840
1316194914844807198
734217506608119839
1371679362637758555
1356088521089351812
1370528121660379230
1375189538011484261
1378677561164435546
770868594867044362
1390478133144195212
1381473401700618321
1377815028547453020
1238705820875886703
1391600603251081288
1067628432659325010
1398579631916847186
1056603513397968906
1123302985187983540
1379048059295629385
1390445644363075586
1385201961934262313
1366385378147172372
1011421597309095949
1370487456251646023
773784337874157608
1349144298456748164
1172690604203978794
1421472776526762015
667752332326600724
1219130564033118228
1413887594026110986
1385919103948029962
1234087723007086622
1378858788991537295
1327717418361159752
1103308175786135593
1391038339070824528
1408896095634980904
1352450209485160589
976952777886531694
1371572101185802280
1388817000142471249
1047298908767932497
1284295439570698383
1228709754440777729
1365381615349399643
1342738075368951929
1394141521313398877
1341345926706364416
1383679393473232928
1400345170268000336
1186324073798697091
1321195857219026995
1410789482663514132
1384653995884286007
1344698553506988113
1043867766215675945
761047287140843552
566966143663734812
1380272741130965092
1227030991093370891
1193811913969250334
1386460045931184239
1386356704199053405
1390495914451533905
1391084218372722768
1390526628408459412
1370790476629672030
1391505595487490099
1376980351162912818
1387960819169493094
1308291335077498920
1370189051591786536
1390627001735319563
1305156392562331760
1387126595978002463
932381251267067944
1184272462989500499
1390435676683505664
1390450874085801994
1387751647391776840
1390463158891708416
1382373603063894057
1402116338662641665
1390853262512488618
1406173892325670963
1407139829438746634
759997028091559937
1390517524214448199
948363208488517693
1399924277138165921
1386540427477389445
1355346393539153920
726547123667075162
1243084814668533772
1390958627711356991
1247696231438876817
626796776715976774
1390950784887296081
1389085540854398976
1390516206733103166
1260219265479344149
1387160157133209680
1374859506164695201
1402453031584534578
1091399825347580006
1022268758254956664
340766683855847427
1177103429915639928
1390625963556995086
942433866478669905
1390448377514299453
705957369145983046
979098571758530580
1060254994395304026
1012085929722253462
1414558401924436023
1380994736663429222
1343535257428951135
1282243805055029300
1387202952145535197
924714226864509008
1072582167986708491
1101521945209610391
1174086450313171044
1411379419041235069
1390865324974280788
1231587457783562270
1404539664265904158
1313189519872491625
1390437368582111352
1404665369452609649
1373885231622258698
754379855050571807
1391114286579056691
1400132504513417399
1371243788219187250
1390440912764797079
1390612368907571212
891798824559968377
911521971945238548
1391118023787810866
1231985294186643649
1334857724269432928
1379787314665885737
626843866464780295
712888748492193792
1333008605846175798
1333195343898218612
1365549745744908288
1372743007798952058
1397759144265650238
1380250364787294281
954848522719625297
949088486340853822
800388943673556993
1313708956170059776
1345612472866045972
1373357644299112478
857801990839336990
1292714788870164513
1284560530648076340
925241309843828737
1321887307271503885
1115924406775070824
840658410727014470
1134975182046498826
1383964927600889916
1325724415283171383
1228801482871279698
835257441243234304
1398304381924937871
1387770418563121274
1343888268164464691
1386999365641441282
1337391302689558637
1349045792484229161
1321660983994880067
1352430197114404875
1394154726140022787
974982670981402635
1380689441412354098
1399523893131345932
1390596833188778110
1399489898276458576
1390885361990762620
1387956323655618661
817604365284147221
1361074888793657502
1407763638496006224
1390499275573690450
1387271886429360218
1394444782935212052
1386443591072747652
1423478985806971025
505864980944388098
1390835888669589535
1379165012710522940
1388702504530743327
1388702020403200188
1388688263518093323
1188559054461730966
1413994954014851072
1384950977567784964
1413082075610746953
1402764459633676411
1390577560554967126
1391252703447093408
1360363583308955830
1342488996638363690
1176929289204154408
1189762436845285396
1378753019310637236
1390576653511692429
1390077860777037849
1347591045118038143
280601433118736385
1390063929446895667
1387729893382553760
1363307179469176944
1390537785047384194
1317376326939840543
1337648708057042975
1399221336685150288
1232858389961248769
1320372306631200848
1406046900452331571
1348270918925029519
868327098908049448
1374878032581623879
1120006256019644466
1404296711505051669
1344458373529337888
348914131358973954
1213116065354219531
1378596880493187102
1019603796365680720
1054453336419610724
1302329008415047713
1373862990721449995
1216893202754310256
1064209891599847474
1391166979120959739
1215180445038411778
1382983457566752862
1373547660102864998
1059893303799193711
1393467769810456588
1394754816911347753