1393592145851715664
1372682963581538434
1370860081532637284
441803637245607947
1324105842701893723
1388973481378578462
1070820774824378480
1302750045598253202
1183138278334005318
1325522755789000724
1368692560855564349
1014347618295484536
1393753932202774579
1187223423169077248
1367051227078332538
1227351327911313470
1035840570427445248
974396135923908768
1333871021077561479
1391608140122030100
718324714698965084
1385820456166101073
1400788865240797354
1284120919005986912
1371038169503498262
1374540346905727116
1331058992507650069
1181741967298789418
1360247373237977091
1392571481124503645
1396586204899709141
1389314982709170180
1312428940962299924
710606396487499846
1396509619601408143
1401352052055212123
1312318757183688706
843922260897038406
1324916617171173386
1328494863330836536
1330271700402704504
949802119907663923
845439302958579722
1377813530534875369
1053976002876944424
1364761941939195934
1283298734116966480
1093934849221480508