1414221462893498409
1407913287214960771
948770078265073704
223352494166638592
1424437991526367323
468457256057438208
1100794300192800768
1423336213997289535
1300828592472723509
1105611709873393684
1173773139512152218
1119681424375697418
612156541566451735
1389017012227014757
570607037139124253
1363287203912093849
1417122203979218997
1172882109472448589
612302200202461184
1413392274041208905
642603746819440640
1418270693916934206
1254577370342494258
1415018180052521053
693984643883728926
1306625676715102239
648638135290429469
1411025930528362527
1045102434491572294
817290991403925534
620357789566500877
1162908966498619402
1350160331334221864
1276423308593598497
853324887644045322
1112832940997619843
1388563526737592463
639709891023470593
1120829465531002951
1138955511375609869
1199141007627915407
1404865423585050659
1337663874593194017
814428916692811816
1372175670112817213
1120091495148552263
641095594223468553
273618248111620096
1381639213337940109
1422700386807976047
1305228699284668439
1307497260573261894
1401686874736824390
1382883636948242492
1382879363598647366
1311534431730663501
1292537649516511352
1311536688920657942
1382845546422603847
1291140688397864990
1297350169591021660
1297347117093883956
1307519084610719776
1295230637493719123
1299549491531350108
1341888332644356122
1189626948478058567
1416611337059962920
1285038254546227230
508299885020315692
1342844865431736322
1281111529860763658
1271402671429124116
1087480488752582787
1050716591446310983
1421161295922860134
1421879653630611577
569181183469027337
769368179809714228
787742722370961469
780091130976010270
1416885178122633308
623354224872521749
655026992508436515
1260829244997505045
1409207966070210610
1232714574445150238
614211660864815116
1396843568173158420
419228872513421335
1219001820781740045
1336474739287261224
244936129319534592
1168155526249594942
1314204437807501312
1351898534160367677
1240888283207172156
1368304257723273426
1239331165580562532
1263116507957821520
1416903235142291537
1391470968135876700
1415595620424486914
1387094449384980661
1411603472318726155
591769252634165249
1338124730955337770
1277668370061201482
1316186336541282334
1332102654654025782
1332796709247651912
1337076857790791834
1370467888590487677
1374050413317459968
1381402449633612001
1370955613118402644
1238483976557957210
1300443660147494932
1378128360982577336
748245418097377341
1364289469913759785
1387218364946055279
1377268522568122421
677349529514934282
1153731419416318043
1106973769291005992
1267668523455352893
1184914806218698853
1371102475750473778
760812477691723836
1013304044632158258
1279896274115629067
926056514299498496
1393238201786830904
1291478081202163835
1401023888410017872
1109198265980813456
753148324097425449
1282874765631160321
1379592181018398762
1379227963387543656
1416876447229808732
592759420031729688
1133624662220345446
596809053364289558
1408017811409731669
1339085246276304957
1267688275288784946
1150004835404484658
1162088534807687299
1369681295415836764
1371256669534683158
1368668662491513004
1370055439374618694
1358165809595154452
1382062830660096113
1297405406900916346
1418277124732883044
1378791897442812065
1380286071694299287
1382440173454884894
1400517793966723193
1415722718636150926
1188950315047862302
1394518539578380358
649254325947858977
1346248773898207292
762519537584963624
1409209115472822393
1398044989644079104
1382231249191571486
1305226674035757076
1351893850607718441
1398260396036456508
644633957391925299
1397670608095019118
867144920396988457
1414976203193974834
973836261095792660
1408062496035700826
1200018958514929768
1393932355164704828
1392497141762494526
481571400591867904
1416931881227915304
1384159877320147077
1087062549759017001
1339171543045115925
1362739848368230510
1394942879993954314
1423333555072798851
648665689816694784
1336299564910641216
1408685395700486186
1252998024737718312
1173375939116273729
1404371374453293117
1386476409047875697
1140800492390318081
1184472265748926556
1416557921025786016
1194405586297704599
1303025082364461149
1254949755826602067
1379212972269764618
1363756848750264440
750378716466643094
636944182639984660
1386767429543264418
757887819854381117
589824929915207681
1305525158437453836
1361112046082723862
1420849781168799804
1288499697220190238
1384493645641814087
1385634263004876861
1408722649823318137
1285350252764860419
1359120300528111681
1228474446063337596
1388279894718414878
1405635544842637485
968532285844521010
1312203805944971295
748587619658760203
606526112104710147
1415866510357958709
1391415759896445008
1371711774071591065
1412823961716396224
1029612584606900234
1248643249720262759
609102617133711370
1416551739825455285
714480783288565801
1409363604402081832
1353806185320415233
1266394690069069915
1332143825467998251
1211223297635778600
1392772247785308190
1409212189809574008
668917139352322059
711012816408019025
1341070440201982043
767865928846147634
1402445001014902795
1144835583089332264
1266448496697938011
1416556113985273998
1378814552996712489
1368219979551477850
548850050776956928
970062364214960168
757454828858245172
890766901142253568
1223030998145695776
1419730359486124135
1217816985786646528
1036478165364777011
1381510209855291444
1382162975259099251
1385589212883058729
1392951859756662828
1283960005921341542
1242066556209594479
1301560360100167764
1317437491539611708
501942798426308610
1360507194541477998
1298483999890604096
1420077205857243137
1376414537896562760
1407895900784820244
1351890653688107100
1368702307159506986
1207084127204020275
297971023033139201
989370244126613544
1132937723620118598
1249490333864169574
1357197652088852633
1368388373009403936
1112828792663183451
1356899422847369260
1306387207916879977
1216511509933457438
648033532131934229
1305235781840801792
638323156448313344
1366200007450951721
1364726046213279896
1378577453248806984
1363285579256565900
1367235764831916155
1387095980893143140
1384438835605278772
1392665471366725696
1195474542571819019
1172973271717781594
456173684369915934
830090460616982629
1393801775655424011
1088920310264365166
1359628166356013227
1198364877421543574
277791336109703168
695417287234027651
1409629768084754563
1411370922073395341
1416546474455466045
1416550688980467752
1374824778069708932
702335780483366912
1305288473145774086
1182880353619280023
1368204531728646228
1384195852196778166
952433419437084712
1274068955220279421
1187480079568228512
1090421268962103368
1406842095523594261
1236726050948518008
1361450722704490506
762289694682906655
1411017870820769816
1370957122833223720
1371512063515557916
1196722486289629276
1199704520595349605
1253804197745524781
1351346777579585578
1351994539878912190
1419280047763619891
1026638207980404766
1004838653677285486
1409365301044183193
1415122471698567308
638083646166663182
1417945340669329500
1413196348215525580
1200400906773090307
1079202326927130717
619729731541008395
1103412937760186479
1423351399470600202
1322621884998877208
1154117054748692542
1281545899839062047
1271723726647332951
1161363395589714000
886059073450164256
608100421931892748
543376993132216320
548846895653584896
548851909935628289
551317076891926529
554973974891724804
613530975909052416
1206183513225957379
1246658806574747708
981854349464576000
1385088498272309319
1405312088267554887
1406732878502432828
1413082075610746953
1357856236770689085
1384283838095560725
1392535795344085003
1370843020554932346
1310162495578570799
1310166902999355392
1116320711087226972
1406489460836667392
553131262437490697
1409539956522745876
1404655695348895746
966508044932481034
1416581471233376397
1268543573712961637
1305234879121719347
553126863879536641
1297352909155209326
978095667702534185
1409367098836385872
998403521210765313
770443388183904266
765295293011853373
765280288770490408
1347306761916387328
972609840952254524
1403462155222781962
1355712487248625916
1415055775977705562
759394809693077524
1287502606796849184
1280618409775861877
1197241855776149676
1173049746995302433
1276292343145955340
1294410675896061994
1282465225295138939
1359997582264242307
1247612877993676934
762050021104812082
1239718319070773310
1147337818729893938
1253936849530126388
1291127876988698684
1365434722737590282
1366188659543375942
1239321486674628640
1292960221932687370
1373811986478927973
1366511310925205615
1305368720075526205
1297200664530780200
1295099324887203876
1273378184473219124
1273392340735889534
1300529431013752903
1306255077769613363
1300526676001947712
1300811099960250428
1306986519185068125
1306738422626517054
1331018734760099873
1273396604501491743
1361341151918952568
1331025443008024586
1331028179497914428
1361343664931995718
1306983084251418695
1306974628702322762
1383500979894358116
1210388532280168488
1388619163882360985
1414181802376953989
1354581458790121497
1387248333676085319
1247694884975018026
1250594098667192333
1218011047869415458
1288501908016992351
894905023421612043
1380255382223585340
1398439580864086046
1317290712924160060
1349519757698793543
915865318071599135
1351337360645816330
1120002768304885830
1369820521558052916
1320439129397395517
1153415292832206918
1204196589321588766
1161399267341115482
1171929357552468092
1142191838506266735
1109211435667566673
1381321577647575175
1357140551073529918
1351901395078348830
1109808485769695395