1414221462893498409
1184237931049787463
1390947003135168584
1167247996929441887
1297685045993144343
1334578173853040722
1409929224709472368
1411025930528362527
1413519118425915623
1314193569904594997
1424456241253711953
1407022982806900883
244936129319534592
989391325021487106
1423106770653675661
1352617180423917570
1378128694975004903
1187884258950381679
1409209115472822393
1409629768084754563
1414181802376953989
875172771792044033
1395048138930389102
1412414591417319454
1407884729683939458
1407139829438746634
1226095853807341641
1050956278832308224
1118280373063925851
1279707049948872798
1408099232610652281
1424432650503979128
1424433417126281327
1416546474455466045
775428098509504562
1394826697538404403
1412067703115747430
1423478985806971025
1164257028303237230
1415055775977705562
1407403248331001947
1357046871545085982
1366834721849479220
1419108979136663645
1392899560971440148