1402781458187288628
1394671050276737185
1041794679106187394
662663571217580032
1204944239264268319
1379696960625180823
1367927767227699313
1380864648869314681
772599815896432691
1399964453579133070
1241874604880822363
1236739399568457758
1308201338659934248
1368706355749326881
1379361473784053780
1304992847795322890
1200936742165950584
1347585043488571513
1274883623438254132
1373454562673033329
1208531398957211691
1373906236893823048
1342056674684436560
1297640166248153111
1387852990144315473
1278503014155550833
957766665003729066
1340254376069173301
908802663825670194
1405180672615780372
1330704519906070651
1106281899355291790
1360244087550378205
1370170471903137873
1372656056005558404
1239346866781421608
1096163127369932910
1221506460886765576
1366476156508962887
1202204499977175064
1235119517223358556
998605898626900018
915049799299002449
1378101716272287785
1221286703604564050
1104633784197992548
1352763280963403806
1351496679030788117
1353131832459137119
1271006781463724103
1090800856644976772
1396456406621622293
1247100763109593123
1028814766384357439
1403014632788066355
1217095335273435159
1329447307845963817
1400847078464422061
738052388123836507
830177936140533781
1369166121839628308
1358447141558812803
1154656423041564822
1402975062751055882
1360327623531692193
970149299272949760
1231134401795194945
1350484417587445762
1253854381493714964
1129049918804332676
1366967188623331359
1352742621482586132
561271915285839881
1382076250658701453
1398602529297924136
1321163242961244342
1262981032815366146
1325549035163090996
1085836023646388244
1386187638993715300
1370866824031244368
948544516112150549
1403762826752819211
1343480252374057062
1064319404260737145
1376243362574762056
1124875695466745866
1171564557760725092
1111674700968509510
887723656308994119
1142636922594934854
1144387445023064104
1377151700909162516
1405455860154503169
1228126341375983697
1237161796964450325
678334695116898310
1367927670012121160
1264066710156214335
923687873222426694
1277490878746984479
697061072099737611
1329652668062371912
1053177295516467252
1198320298961928218
1365156917953167360
1276265757977612394
930194182667120760
1179211779163836513
1374039351402434562
1137110565253292134