1370860081532637284
228225273341018112
115589075360153606
497611777266286592
1372204801785593926
521535201961312259
1295524731050524752
1245571608790433824
1088324397615558696
301506150145327105
1248481309764878400
1324096994167361586
852568360411332608
1026234327547265026
1322603461975605360
814166788761452544
1221559160156586057
1328156031607377963
1057317483540922378
1096700094482493442
619802201824428043
788144738654093363
1293708813647740968
1353497956526854184
1035044995847168031
1109076502777167992
739778965002125382
1333234831588331641
1215131704939773983
1403775444389593108
1098509843318460416
995513489500160080
1088832478384492614
995669252461842502
1371910619661340722
1008442370724987082
1080251955592577044
1312935631764062355
1268800514842169355
1385791830917906453
1290770970050691105
866759662925250611
648973615324200982
1243763389847568397
1229234682458280020
1386357090653700180
1154083657057845268
1386356902220402728
1386357088225202287
1062104040512688158
1267461593474662445
392817899473076225
1310472132278620193
1185399781317693563
1342503230202056776
1323185909058895976
450460216241422366
1367051227078332538
1125160937473724516
1238590311861850122
379442740901052417
1277706394564300904
1366899131502825514
1353296356160307251
512486342354141197
1236674022763270295
1329185495007101070
1352498091831332925
1013234640712110191
1391517758621093968
1349454098344448090
1367901578908139520
1363223225324277770
1359997401682940084
1375746456475926569
1311876098354581578
1048692388631163051
1017924717899948053
527771011077242890
718324714698965084
1403798747812724737
602157763619192844
1352972063643664434
1379671157158187120
1235119517223358556
1389399993428869171
1219743542386364441
995179401438298162
1196683952933580874
1355018404289056799
1215506636303634463
1345588255579705518
1329817038012813322
757125737424748615
351778898658328610
1265060712137490438
832266250951983154
1081016731113373817
1336432210156195985
1386277015128379433
1287294856061784076
1058463209121652806
1373554730449768530
1336177266035658782
1357766826926276689
1337161134674808962
953679212231921725
1205663149588750366
1345803434909106230
1304430875659862158
918118726631567381
566409111105699851
1386356937444163614
1090371701273006170
1368193103164346503
800480357974671360
1311930397260779562
1314376945374335058
978414954770223115
1389353550475432197
1372483850277490800
776667933929242624
909312974664126475
1402270981350756423
1397301617690153030
1114996557088047124
1307562909794046003
1336657257525674019
1386287863850860647
1201558930170593280
1405654107758268480
1374519666332008501
1384857103201468446
1268098491700215838
1397672991780896798
933813975089557515
1120535147087929477
1347572657385902087
1388718438762942465
1348040313268342916
1190378563963207751
1207187299247595602
453461597843881984
1285606488324178035
1368065624953327696
1336358638687879340
1256379506722341004
995669775416041484
1400253413996105750
1122921960280698952
1327053290218979392
1386289426698866729
934259146713346058
1062984133304930365
1337628722194546740
1226708507974172852
1364342808407965696
990016056015851571
511717908615790592
1391449598291214449
1054607703365910568
1348220057754538046
1388165712681635871
1330386838438940813
999593982034182184
1371583843626123284
1321237583711441051
1104743527528796180
1368364251768557629
995394542817775706
1105544252945072168
1384841030204915782
1342081528225595405
1382975695478849656
1330271700402704504
1374868071990427678
1330717627970228285
1323188632873603122
995110979128000593
832760244378796033
270261760135528448
1346562904542941285
1269594961872162827
1154249801483960351
435612450000470018
377348228997316619
1366085547402989568
1392230301710942380
1319851842699657216
1008029996092239952
1338262694205063309
1311780720401842246
1231439563281404014
1330719504124088332
1378229881514623089
1363339644699410574
1379114697621766215
1099513973872803991
1370389582532841612
1315448776214843475
1358291744659210390
1190009276966641739
1170602209533231251
1330360606389436519
1370586629223219353
1275899525101391894
1355696021602046094
1335114611086594169
1320986334164287559
1278777731386970234
1128420612445061291
1035862422122143785
1340919618193199138
756570914614804592
1321153101843005460
1282868463072968707
1138969002438295624
1246945796503633970
1303472072374091789
1058494039223173164
1384970662522785952
1309136915366285312
1315367460123447349
474483471415246858
962450650749362247
1310052876650942526
520152250463813632
1017643626639147059
1236868047755808829
876192900294275222
1328755007180247116
1001676854140342352
1017943356984283257
1343226217876164782
1093934849221480508
811185053433856021
1339499516788871188
1359646793008414982
766520571139719218
1140435899704954880
1004915196709568522
1364346031508291794
1384942383283699773
1308248253590143046
1263317698142535732
983955147975721001
1262919594797043843
1318318456814440498
1294550964547883049
1308278427043758241
1183567664174612570
1096430044672442399
1057157740822286427