1415669697189249168
1216211997616640062
1414838224639234069
944599426327007342
1406449714756587654
1286917757023158335
1408595871976656927
1408499489077198858
1412082586779652126
1402520565813612695
1402207355315421305
1273865971916083304
1414758151714115676
1212686730994655286
1378618436707553281
1402255238991319161
1279604801650556958
1367222685855383592
1237859895294824479
1336831364023980113
1326975430477217862
1409908975024996393
1410301438248222751
1413176454996295822
1404851168475086888
809522711722197022
1353864253874110515
1389120721183309885
443062706182815756
1303015006383902770
1314038998037037131
1413003275170746473
1409704082024698018
1167230099662311444
1119895691356012544
1411541223864533153
902141972096090172
1221613672116256788
1401720391000526988
1320062768119943203
1416594657466646551
1359600005794500778
1412771348471877704
1397094212041834507
1408590094960689344
1408653990497091717
1116854003188371559
1354450420319129734
1414181802376953989
1409306992635285506
1412557734955581461
1415419146786570280
1411407998945067231
1406894891962990665
1417463859060543571
921763948993331221
983287793692311572
1284924276188909693
1159296149358903338
1409045839657308180
1395628988856143913
1376707814583439514
1367261598808543385