1414221462893498409
1154130658898235412
1390947003135168584
1409926671758266521
1357972826128253069
1421259036007071774
530399925889007647
1294324045214515263
1400315905275199518
1415978108216934464
1405638333551611956
1316892760971808859
1408534399141810316
1399840519655522304
1297685045993144343
1394635090222387280
985266654390919170
1174944859677798431
1413519118425915623
1297567437352472589
627432738395389953
1026221251418656848
1424160519580946473
1418984948924420146
1388975153077289174
1422584300196466738
1423772667483394110
1240933035634069604
949748340491423855
1416014182230397028
1415783626028875846
1224083135143088248
1368109440045285408
920046708245803090
1409683678241624146
1422996324449648811
1343480252374057062
1249752867544240158
1030366862971772958
1424046041119854644
1241500548725735446
1424572546812084347
1395944905557409843
1395999429609263166
1413003275170746473
1413870820182458439
1364588873425883216
1382783096432365610
1423796238989525125
1130726234712719380
1412271325786931281
1385030135639441579
1268250015982293125
1322270573585235993
1416602639445000362
1408591346318577776
1417760635676266518
1119715953039655022
1221613672116256788
1319832170168188959
1417945340669329500
1422735087518220319
1417390046155243621
1364672420203729097
1124109612472357006
1424009960366407845
1312479596352110667
1416553875426513069
1397240155814891697
1407056918970630205
1415055775977705562
1415337878585868328
1422998294375829655
1407687778216710244
1420742515681660970
1409306992635285506
1422569106778886146
1414596545227133080
1389448569890799696
811275760274243604