1393679970819248138
1384772419910373408
1385005266277368002
757931678361714698
1035573379031388200
1397805413378035765
1392696207280963636
1394607854551437362
1388188310744207362
1289029522666291271
1393219943440453662
1393278921226719232
1361999693185286348
1288903500239077408
1400404606370189374
1372518284926390317
1365480469357137965
1393302897806282866
1395523356123467870
1178801822295675051
1399860732455292948
1379141080255037501
952110713697108028
1219525184248348723
1391168515989442590
1386048155870564365
1370884028378517725
1339747646814031928
1339571851218780340
1393753369817907301
879389518317371435
1385935005762715669
921763948993331221
1393037755931693268
1392823844468953200
1228126341375983697
1253685411524640832
1371869092025204796