1370143178199535626
890669470929002506
1401389195662200943
1393088495098003537
456093103556788234
1384888780279775302
1035573379031388200
1370067682069713019
1119579802991599717
1392696207280963636
1388502190305448016
1399834470567120972
1393027932729118843
1393219943440453662
1288903500239077408
1265446145572864020
1059549361794719806
1365480469357137965
1331684701588426817
1393086539797499995
1379141080255037501
1391168515989442590
1339747646814031928
1291048045768740972
1278291853090885697
1363674545139224618
1389125558490894407
1393026412478206095
1392905472377622560
1392496977652219996
1371869092025204796
1383732660400160899
1392495019067310191
1147636742099320883
1225194824970408011
1385846314817945650
1386048155870564365
1385005266277368002
1382113731089137824
1302742870708584621
1387594325172682826
921763948993331221
1370884028378517725
1402838390482931712
1381687562460074044
1254192751495614518
1274156980893777922
1393037755931693268
1392823844468953200
1392947475161026741
1347729380784476160
1326975430477217862
1392539224187863154
1281711244109287446
1395628988856143913
1108223493335679006
1389075791924695241